id	label	RNA-path	meth-path	mirna-path
0075437e-ba1a-46be-86d6-9773209a2b5e	TCGA-LUAD	/content/TCGA1/TCGA-LUAD/0075437e-ba1a-46be-86d6-9773209a2b5e/RNA-seq.parquet	/content/TCGA1/TCGA-LUAD/0075437e-ba1a-46be-86d6-9773209a2b5e/DNA-methylation.parquet	/content/TCGA1/TCGA-LUAD/0075437e-ba1a-46be-86d6-9773209a2b5e/mirna-seq.parquet
009be09b-f9f6-43b7-8f45-4a648f8123ce	TCGA-LUAD	/content/TCGA1/TCGA-LUAD/009be09b-f9f6-43b7-8f45-4a648f8123ce/RNA-seq.parquet		/content/TCGA1/TCGA-LUAD/009be09b-f9f6-43b7-8f45-4a648f8123ce/mirna-seq.parquet
01e9888d-b5b9-48f1-8ba6-8a89af108a04	TCGA-LUAD	/content/TCGA1/TCGA-LUAD/01e9888d-b5b9-48f1-8ba6-8a89af108a04/RNA-seq.parquet	/content/TCGA1/TCGA-LUAD/01e9888d-b5b9-48f1-8ba6-8a89af108a04/DNA-methylation.parquet	/content/TCGA1/TCGA-LUAD/01e9888d-b5b9-48f1-8ba6-8a89af108a04/mirna-seq.parquet
0232d299-4cdf-4fd7-9a5e-8d13c208b40c	TCGA-LUAD	/content/TCGA1/TCGA-LUAD/0232d299-4cdf-4fd7-9a5e-8d13c208b40c/RNA-seq.parquet	/content/TCGA1/TCGA-LUAD/0232d299-4cdf-4fd7-9a5e-8d13c208b40c/DNA-methylation.parquet	/content/TCGA1/TCGA-LUAD/0232d299-4cdf-4fd7-9a5e-8d13c208b40c/mirna-seq.parquet
028e99e9-5b9a-4954-bb6e-6d4709a3cea8	TCGA-LUAD	/content/TCGA1/TCGA-LUAD/028e99e9-5b9a-4954-bb6e-6d4709a3cea8/RNA-seq.parquet	/content/TCGA1/TCGA-LUAD/028e99e9-5b9a-4954-bb6e-6d4709a3cea8/DNA-methylation.parquet	/content/TCGA1/TCGA-LUAD/028e99e9-5b9a-4954-bb6e-6d4709a3cea8/mirna-seq.parquet
035c0b2b-c722-443b-8962-db4ee92c7532	TCGA-LUAD	/content/TCGA1/TCGA-LUAD/035c0b2b-c722-443b-8962-db4ee92c7532/RNA-seq.parquet	/content/TCGA1/TCGA-LUAD/035c0b2b-c722-443b-8962-db4ee92c7532/DNA-methylation.parquet	/content/TCGA1/TCGA-LUAD/035c0b2b-c722-443b-8962-db4ee92c7532/mirna-seq.parquet
03c3409a-9d16-41d0-9e26-f9fc2547a4c8	TCGA-LUAD	/content/TCGA1/TCGA-LUAD/03c3409a-9d16-41d0-9e26-f9fc2547a4c8/RNA-seq.parquet		
05534064-8b43-4c82-95da-70fd83bd6560	TCGA-LUAD	/content/TCGA1/TCGA-LUAD/05534064-8b43-4c82-95da-70fd83bd6560/RNA-seq.parquet	/content/TCGA1/TCGA-LUAD/05534064-8b43-4c82-95da-70fd83bd6560/DNA-methylation.parquet	/content/TCGA1/TCGA-LUAD/05534064-8b43-4c82-95da-70fd83bd6560/mirna-seq.parquet
055e9a43-3c00-4110-a303-e4407676bec0	TCGA-LUAD	/content/TCGA1/TCGA-LUAD/055e9a43-3c00-4110-a303-e4407676bec0/RNA-seq.parquet	/content/TCGA1/TCGA-LUAD/055e9a43-3c00-4110-a303-e4407676bec0/DNA-methylation.parquet	/content/TCGA1/TCGA-LUAD/055e9a43-3c00-4110-a303-e4407676bec0/mirna-seq.parquet
06fe7f3e-4edd-4150-981c-93787ea19b39	TCGA-LUAD	/content/TCGA1/TCGA-LUAD/06fe7f3e-4edd-4150-981c-93787ea19b39/RNA-seq.parquet	/content/TCGA1/TCGA-LUAD/06fe7f3e-4edd-4150-981c-93787ea19b39/DNA-methylation.parquet	/content/TCGA1/TCGA-LUAD/06fe7f3e-4edd-4150-981c-93787ea19b39/mirna-seq.parquet
0780eb43-d5b5-4c3d-9825-beacba5cc723	TCGA-LUAD	/content/TCGA1/TCGA-LUAD/0780eb43-d5b5-4c3d-9825-beacba5cc723/RNA-seq.parquet		/content/TCGA1/TCGA-LUAD/0780eb43-d5b5-4c3d-9825-beacba5cc723/mirna-seq.parquet
079ae0b3-b64b-4b8e-ab7d-225b8046568c	TCGA-LUAD	/content/TCGA1/TCGA-LUAD/079ae0b3-b64b-4b8e-ab7d-225b8046568c/RNA-seq.parquet	/content/TCGA1/TCGA-LUAD/079ae0b3-b64b-4b8e-ab7d-225b8046568c/DNA-methylation.parquet	/content/TCGA1/TCGA-LUAD/079ae0b3-b64b-4b8e-ab7d-225b8046568c/mirna-seq.parquet
07b5663f-9a54-4462-b6c1-6fc8116b8714	TCGA-LUAD	/content/TCGA1/TCGA-LUAD/07b5663f-9a54-4462-b6c1-6fc8116b8714/RNA-seq.parquet		/content/TCGA1/TCGA-LUAD/07b5663f-9a54-4462-b6c1-6fc8116b8714/mirna-seq.parquet
088edf89-d2b5-40c7-b066-df3bd383f7ea	TCGA-LUAD	/content/TCGA1/TCGA-LUAD/088edf89-d2b5-40c7-b066-df3bd383f7ea/RNA-seq.parquet		/content/TCGA1/TCGA-LUAD/088edf89-d2b5-40c7-b066-df3bd383f7ea/mirna-seq.parquet
09078761-1c14-4d01-8e15-535c19a9b0f9	TCGA-LUAD	/content/TCGA1/TCGA-LUAD/09078761-1c14-4d01-8e15-535c19a9b0f9/RNA-seq.parquet	/content/TCGA1/TCGA-LUAD/09078761-1c14-4d01-8e15-535c19a9b0f9/DNA-methylation.parquet	/content/TCGA1/TCGA-LUAD/09078761-1c14-4d01-8e15-535c19a9b0f9/mirna-seq.parquet
096bd95f-9900-4db2-b1c4-103902c3b31f	TCGA-LUAD	/content/TCGA1/TCGA-LUAD/096bd95f-9900-4db2-b1c4-103902c3b31f/RNA-seq.parquet	/content/TCGA1/TCGA-LUAD/096bd95f-9900-4db2-b1c4-103902c3b31f/DNA-methylation.parquet	/content/TCGA1/TCGA-LUAD/096bd95f-9900-4db2-b1c4-103902c3b31f/mirna-seq.parquet
09918b81-4696-4cba-a45a-5fe7407c2337	TCGA-LUAD	/content/TCGA1/TCGA-LUAD/09918b81-4696-4cba-a45a-5fe7407c2337/RNA-seq.parquet	/content/TCGA1/TCGA-LUAD/09918b81-4696-4cba-a45a-5fe7407c2337/DNA-methylation.parquet	/content/TCGA1/TCGA-LUAD/09918b81-4696-4cba-a45a-5fe7407c2337/mirna-seq.parquet
0a1eea76-e19a-4547-9b24-abf7051cc4db	TCGA-LUAD	/content/TCGA1/TCGA-LUAD/0a1eea76-e19a-4547-9b24-abf7051cc4db/RNA-seq.parquet	/content/TCGA1/TCGA-LUAD/0a1eea76-e19a-4547-9b24-abf7051cc4db/DNA-methylation.parquet	/content/TCGA1/TCGA-LUAD/0a1eea76-e19a-4547-9b24-abf7051cc4db/mirna-seq.parquet
0a45f302-5748-48f3-9dc9-66c01843a68e	TCGA-LUAD	/content/TCGA1/TCGA-LUAD/0a45f302-5748-48f3-9dc9-66c01843a68e/RNA-seq.parquet	/content/TCGA1/TCGA-LUAD/0a45f302-5748-48f3-9dc9-66c01843a68e/DNA-methylation.parquet	/content/TCGA1/TCGA-LUAD/0a45f302-5748-48f3-9dc9-66c01843a68e/mirna-seq.parquet
0b15fcb8-1fb7-497e-80b9-d3db66a3c0a2	TCGA-LUAD	/content/TCGA1/TCGA-LUAD/0b15fcb8-1fb7-497e-80b9-d3db66a3c0a2/RNA-seq.parquet	/content/TCGA1/TCGA-LUAD/0b15fcb8-1fb7-497e-80b9-d3db66a3c0a2/DNA-methylation.parquet	/content/TCGA1/TCGA-LUAD/0b15fcb8-1fb7-497e-80b9-d3db66a3c0a2/mirna-seq.parquet
0b31dbdf-0623-48e4-a0ec-017650dceda7	TCGA-LUAD	/content/TCGA1/TCGA-LUAD/0b31dbdf-0623-48e4-a0ec-017650dceda7/RNA-seq.parquet	/content/TCGA1/TCGA-LUAD/0b31dbdf-0623-48e4-a0ec-017650dceda7/DNA-methylation.parquet	/content/TCGA1/TCGA-LUAD/0b31dbdf-0623-48e4-a0ec-017650dceda7/mirna-seq.parquet
0c0b610e-fe4c-406d-a5ed-5cc3b11dabf5	TCGA-LUAD	/content/TCGA1/TCGA-LUAD/0c0b610e-fe4c-406d-a5ed-5cc3b11dabf5/RNA-seq.parquet	/content/TCGA1/TCGA-LUAD/0c0b610e-fe4c-406d-a5ed-5cc3b11dabf5/DNA-methylation.parquet	/content/TCGA1/TCGA-LUAD/0c0b610e-fe4c-406d-a5ed-5cc3b11dabf5/mirna-seq.parquet
0c59ff96-5e4a-4664-a0b1-d057b4725483	TCGA-LUAD	/content/TCGA1/TCGA-LUAD/0c59ff96-5e4a-4664-a0b1-d057b4725483/RNA-seq.parquet	/content/TCGA1/TCGA-LUAD/0c59ff96-5e4a-4664-a0b1-d057b4725483/DNA-methylation.parquet	/content/TCGA1/TCGA-LUAD/0c59ff96-5e4a-4664-a0b1-d057b4725483/mirna-seq.parquet
0d0d83d9-d558-4d38-977b-6f1b2471beda	TCGA-LUAD	/content/TCGA1/TCGA-LUAD/0d0d83d9-d558-4d38-977b-6f1b2471beda/RNA-seq.parquet	/content/TCGA1/TCGA-LUAD/0d0d83d9-d558-4d38-977b-6f1b2471beda/DNA-methylation.parquet	/content/TCGA1/TCGA-LUAD/0d0d83d9-d558-4d38-977b-6f1b2471beda/mirna-seq.parquet
0d66bf6c-eed0-4726-bd5b-3bf6d610b4e0	TCGA-LUAD	/content/TCGA1/TCGA-LUAD/0d66bf6c-eed0-4726-bd5b-3bf6d610b4e0/RNA-seq.parquet	/content/TCGA1/TCGA-LUAD/0d66bf6c-eed0-4726-bd5b-3bf6d610b4e0/DNA-methylation.parquet	/content/TCGA1/TCGA-LUAD/0d66bf6c-eed0-4726-bd5b-3bf6d610b4e0/mirna-seq.parquet
0d980584-4484-4063-8243-c3cd67f6f588	TCGA-LUAD	/content/TCGA1/TCGA-LUAD/0d980584-4484-4063-8243-c3cd67f6f588/RNA-seq.parquet	/content/TCGA1/TCGA-LUAD/0d980584-4484-4063-8243-c3cd67f6f588/DNA-methylation.parquet	/content/TCGA1/TCGA-LUAD/0d980584-4484-4063-8243-c3cd67f6f588/mirna-seq.parquet
0df573ee-28f0-4244-b434-09e6ca59fbf0	TCGA-LUAD	/content/TCGA1/TCGA-LUAD/0df573ee-28f0-4244-b434-09e6ca59fbf0/RNA-seq.parquet		/content/TCGA1/TCGA-LUAD/0df573ee-28f0-4244-b434-09e6ca59fbf0/mirna-seq.parquet
0ea4920f-f4c8-4590-84b3-eb419824e144	TCGA-LUAD	/content/TCGA1/TCGA-LUAD/0ea4920f-f4c8-4590-84b3-eb419824e144/RNA-seq.parquet		/content/TCGA1/TCGA-LUAD/0ea4920f-f4c8-4590-84b3-eb419824e144/mirna-seq.parquet
0fe909ea-d52c-4b71-816f-57f62d4a5744	TCGA-LUAD	/content/TCGA1/TCGA-LUAD/0fe909ea-d52c-4b71-816f-57f62d4a5744/RNA-seq.parquet	/content/TCGA1/TCGA-LUAD/0fe909ea-d52c-4b71-816f-57f62d4a5744/DNA-methylation.parquet	/content/TCGA1/TCGA-LUAD/0fe909ea-d52c-4b71-816f-57f62d4a5744/mirna-seq.parquet
100430c8-1446-45c8-af36-b6dbb3ddd0c1	TCGA-LUAD	/content/TCGA1/TCGA-LUAD/100430c8-1446-45c8-af36-b6dbb3ddd0c1/RNA-seq.parquet	/content/TCGA1/TCGA-LUAD/100430c8-1446-45c8-af36-b6dbb3ddd0c1/DNA-methylation.parquet	/content/TCGA1/TCGA-LUAD/100430c8-1446-45c8-af36-b6dbb3ddd0c1/mirna-seq.parquet
1070ff27-17c9-43dd-a4f6-daa643eb9123	TCGA-LUAD	/content/TCGA1/TCGA-LUAD/1070ff27-17c9-43dd-a4f6-daa643eb9123/RNA-seq.parquet	/content/TCGA1/TCGA-LUAD/1070ff27-17c9-43dd-a4f6-daa643eb9123/DNA-methylation.parquet	/content/TCGA1/TCGA-LUAD/1070ff27-17c9-43dd-a4f6-daa643eb9123/mirna-seq.parquet
108a71cf-b9db-47cd-aa74-c03ec989b41b	TCGA-LUAD	/content/TCGA1/TCGA-LUAD/108a71cf-b9db-47cd-aa74-c03ec989b41b/RNA-seq.parquet	/content/TCGA1/TCGA-LUAD/108a71cf-b9db-47cd-aa74-c03ec989b41b/DNA-methylation.parquet	/content/TCGA1/TCGA-LUAD/108a71cf-b9db-47cd-aa74-c03ec989b41b/mirna-seq.parquet
114a34c0-983b-4d90-9181-1823c9637a63	TCGA-LUAD	/content/TCGA1/TCGA-LUAD/114a34c0-983b-4d90-9181-1823c9637a63/RNA-seq.parquet	/content/TCGA1/TCGA-LUAD/114a34c0-983b-4d90-9181-1823c9637a63/DNA-methylation.parquet	/content/TCGA1/TCGA-LUAD/114a34c0-983b-4d90-9181-1823c9637a63/mirna-seq.parquet
11c2e619-8aeb-4f86-b03b-78f9a8099263	TCGA-LUAD	/content/TCGA1/TCGA-LUAD/11c2e619-8aeb-4f86-b03b-78f9a8099263/RNA-seq.parquet	/content/TCGA1/TCGA-LUAD/11c2e619-8aeb-4f86-b03b-78f9a8099263/DNA-methylation.parquet	/content/TCGA1/TCGA-LUAD/11c2e619-8aeb-4f86-b03b-78f9a8099263/mirna-seq.parquet
127bf818-f7e5-46b5-a9de-39f6d96b8b83	TCGA-LUAD	/content/TCGA1/TCGA-LUAD/127bf818-f7e5-46b5-a9de-39f6d96b8b83/RNA-seq.parquet		/content/TCGA1/TCGA-LUAD/127bf818-f7e5-46b5-a9de-39f6d96b8b83/mirna-seq.parquet
12b79b4f-c28c-418e-a1e7-e622f33fdcc2	TCGA-LUAD	/content/TCGA1/TCGA-LUAD/12b79b4f-c28c-418e-a1e7-e622f33fdcc2/RNA-seq.parquet	/content/TCGA1/TCGA-LUAD/12b79b4f-c28c-418e-a1e7-e622f33fdcc2/DNA-methylation.parquet	/content/TCGA1/TCGA-LUAD/12b79b4f-c28c-418e-a1e7-e622f33fdcc2/mirna-seq.parquet
12c07138-e3fa-418a-89e3-628da12bc99e	TCGA-LUAD	/content/TCGA1/TCGA-LUAD/12c07138-e3fa-418a-89e3-628da12bc99e/RNA-seq.parquet	/content/TCGA1/TCGA-LUAD/12c07138-e3fa-418a-89e3-628da12bc99e/DNA-methylation.parquet	/content/TCGA1/TCGA-LUAD/12c07138-e3fa-418a-89e3-628da12bc99e/mirna-seq.parquet
12c27db5-db2f-48dc-a2ca-9557b951f43e	TCGA-LUAD	/content/TCGA1/TCGA-LUAD/12c27db5-db2f-48dc-a2ca-9557b951f43e/RNA-seq.parquet	/content/TCGA1/TCGA-LUAD/12c27db5-db2f-48dc-a2ca-9557b951f43e/DNA-methylation.parquet	/content/TCGA1/TCGA-LUAD/12c27db5-db2f-48dc-a2ca-9557b951f43e/mirna-seq.parquet
12ccd581-a921-41bc-bcee-4e9be54532cc	TCGA-LUAD	/content/TCGA1/TCGA-LUAD/12ccd581-a921-41bc-bcee-4e9be54532cc/RNA-seq.parquet	/content/TCGA1/TCGA-LUAD/12ccd581-a921-41bc-bcee-4e9be54532cc/DNA-methylation.parquet	/content/TCGA1/TCGA-LUAD/12ccd581-a921-41bc-bcee-4e9be54532cc/mirna-seq.parquet
1427cd18-5ad3-491a-9981-908e31ae49db	TCGA-LUAD	/content/TCGA1/TCGA-LUAD/1427cd18-5ad3-491a-9981-908e31ae49db/RNA-seq.parquet	/content/TCGA1/TCGA-LUAD/1427cd18-5ad3-491a-9981-908e31ae49db/DNA-methylation.parquet	/content/TCGA1/TCGA-LUAD/1427cd18-5ad3-491a-9981-908e31ae49db/mirna-seq.parquet
15340dd3-84ae-49fb-989a-eb212f3e73da	TCGA-LUAD	/content/TCGA1/TCGA-LUAD/15340dd3-84ae-49fb-989a-eb212f3e73da/RNA-seq.parquet	/content/TCGA1/TCGA-LUAD/15340dd3-84ae-49fb-989a-eb212f3e73da/DNA-methylation.parquet	/content/TCGA1/TCGA-LUAD/15340dd3-84ae-49fb-989a-eb212f3e73da/mirna-seq.parquet
1575148b-0f63-44ee-86fd-93ae1a02be0b	TCGA-LUAD	/content/TCGA1/TCGA-LUAD/1575148b-0f63-44ee-86fd-93ae1a02be0b/RNA-seq.parquet	/content/TCGA1/TCGA-LUAD/1575148b-0f63-44ee-86fd-93ae1a02be0b/DNA-methylation.parquet	/content/TCGA1/TCGA-LUAD/1575148b-0f63-44ee-86fd-93ae1a02be0b/mirna-seq.parquet
15f12d2c-b834-4bfc-b526-f03bf85bfe96	TCGA-LUAD	/content/TCGA1/TCGA-LUAD/15f12d2c-b834-4bfc-b526-f03bf85bfe96/RNA-seq.parquet	/content/TCGA1/TCGA-LUAD/15f12d2c-b834-4bfc-b526-f03bf85bfe96/DNA-methylation.parquet	/content/TCGA1/TCGA-LUAD/15f12d2c-b834-4bfc-b526-f03bf85bfe96/mirna-seq.parquet
16cd58db-d52c-403e-9e9c-6da2e99f6bad	TCGA-LUAD	/content/TCGA1/TCGA-LUAD/16cd58db-d52c-403e-9e9c-6da2e99f6bad/RNA-seq.parquet	/content/TCGA1/TCGA-LUAD/16cd58db-d52c-403e-9e9c-6da2e99f6bad/DNA-methylation.parquet	/content/TCGA1/TCGA-LUAD/16cd58db-d52c-403e-9e9c-6da2e99f6bad/mirna-seq.parquet
16d3c1c1-cf3a-44b6-b564-8ae5464b243d	TCGA-LUAD	/content/TCGA1/TCGA-LUAD/16d3c1c1-cf3a-44b6-b564-8ae5464b243d/RNA-seq.parquet	/content/TCGA1/TCGA-LUAD/16d3c1c1-cf3a-44b6-b564-8ae5464b243d/DNA-methylation.parquet	/content/TCGA1/TCGA-LUAD/16d3c1c1-cf3a-44b6-b564-8ae5464b243d/mirna-seq.parquet
16e64a1e-08b0-4c27-8c69-fa64551f8ca4	TCGA-LUAD	/content/TCGA1/TCGA-LUAD/16e64a1e-08b0-4c27-8c69-fa64551f8ca4/RNA-seq.parquet	/content/TCGA1/TCGA-LUAD/16e64a1e-08b0-4c27-8c69-fa64551f8ca4/DNA-methylation.parquet	/content/TCGA1/TCGA-LUAD/16e64a1e-08b0-4c27-8c69-fa64551f8ca4/mirna-seq.parquet
17e09b0d-eab2-40ec-ae3c-be9ab63fcef0	TCGA-LUAD	/content/TCGA1/TCGA-LUAD/17e09b0d-eab2-40ec-ae3c-be9ab63fcef0/RNA-seq.parquet	/content/TCGA1/TCGA-LUAD/17e09b0d-eab2-40ec-ae3c-be9ab63fcef0/DNA-methylation.parquet	/content/TCGA1/TCGA-LUAD/17e09b0d-eab2-40ec-ae3c-be9ab63fcef0/mirna-seq.parquet
18478121-f1d1-4bdd-9511-8ab22f4a0660	TCGA-LUAD	/content/TCGA1/TCGA-LUAD/18478121-f1d1-4bdd-9511-8ab22f4a0660/RNA-seq.parquet	/content/TCGA1/TCGA-LUAD/18478121-f1d1-4bdd-9511-8ab22f4a0660/DNA-methylation.parquet	/content/TCGA1/TCGA-LUAD/18478121-f1d1-4bdd-9511-8ab22f4a0660/mirna-seq.parquet
193201a3-1447-47b1-bdf1-11ae0eb3b2f3	TCGA-LUAD	/content/TCGA1/TCGA-LUAD/193201a3-1447-47b1-bdf1-11ae0eb3b2f3/RNA-seq.parquet	/content/TCGA1/TCGA-LUAD/193201a3-1447-47b1-bdf1-11ae0eb3b2f3/DNA-methylation.parquet	/content/TCGA1/TCGA-LUAD/193201a3-1447-47b1-bdf1-11ae0eb3b2f3/mirna-seq.parquet
195a5afb-b79f-44d2-9d12-884487630c2b	TCGA-LUAD	/content/TCGA1/TCGA-LUAD/195a5afb-b79f-44d2-9d12-884487630c2b/RNA-seq.parquet	/content/TCGA1/TCGA-LUAD/195a5afb-b79f-44d2-9d12-884487630c2b/DNA-methylation.parquet	/content/TCGA1/TCGA-LUAD/195a5afb-b79f-44d2-9d12-884487630c2b/mirna-seq.parquet
199386c2-bb53-4fad-a1b6-59ab216a4a50	TCGA-LUAD	/content/TCGA1/TCGA-LUAD/199386c2-bb53-4fad-a1b6-59ab216a4a50/RNA-seq.parquet		/content/TCGA1/TCGA-LUAD/199386c2-bb53-4fad-a1b6-59ab216a4a50/mirna-seq.parquet
1ab7ad70-0f80-41d8-8efa-3baebc8223cc	TCGA-LUAD	/content/TCGA1/TCGA-LUAD/1ab7ad70-0f80-41d8-8efa-3baebc8223cc/RNA-seq.parquet		/content/TCGA1/TCGA-LUAD/1ab7ad70-0f80-41d8-8efa-3baebc8223cc/mirna-seq.parquet
1b110eb4-a01d-4c50-ba18-77da4dedd549	TCGA-LUAD	/content/TCGA1/TCGA-LUAD/1b110eb4-a01d-4c50-ba18-77da4dedd549/RNA-seq.parquet	/content/TCGA1/TCGA-LUAD/1b110eb4-a01d-4c50-ba18-77da4dedd549/DNA-methylation.parquet	/content/TCGA1/TCGA-LUAD/1b110eb4-a01d-4c50-ba18-77da4dedd549/mirna-seq.parquet
1b31cdb3-1837-49d6-a857-1830f8800299	TCGA-LUAD	/content/TCGA1/TCGA-LUAD/1b31cdb3-1837-49d6-a857-1830f8800299/RNA-seq.parquet	/content/TCGA1/TCGA-LUAD/1b31cdb3-1837-49d6-a857-1830f8800299/DNA-methylation.parquet	/content/TCGA1/TCGA-LUAD/1b31cdb3-1837-49d6-a857-1830f8800299/mirna-seq.parquet
1b354837-4925-4480-ac32-6b44d0957314	TCGA-LUAD	/content/TCGA1/TCGA-LUAD/1b354837-4925-4480-ac32-6b44d0957314/RNA-seq.parquet		
1c339545-c08a-4a77-b8e9-a7e49e53853f	TCGA-LUAD	/content/TCGA1/TCGA-LUAD/1c339545-c08a-4a77-b8e9-a7e49e53853f/RNA-seq.parquet	/content/TCGA1/TCGA-LUAD/1c339545-c08a-4a77-b8e9-a7e49e53853f/DNA-methylation.parquet	/content/TCGA1/TCGA-LUAD/1c339545-c08a-4a77-b8e9-a7e49e53853f/mirna-seq.parquet
1c58d9b8-17a2-4fc6-9898-fe6f47bd2c2a	TCGA-LUAD	/content/TCGA1/TCGA-LUAD/1c58d9b8-17a2-4fc6-9898-fe6f47bd2c2a/RNA-seq.parquet	/content/TCGA1/TCGA-LUAD/1c58d9b8-17a2-4fc6-9898-fe6f47bd2c2a/DNA-methylation.parquet	/content/TCGA1/TCGA-LUAD/1c58d9b8-17a2-4fc6-9898-fe6f47bd2c2a/mirna-seq.parquet
1d276b62-5e64-48fb-b2ce-5192b511fe37	TCGA-LUAD	/content/TCGA1/TCGA-LUAD/1d276b62-5e64-48fb-b2ce-5192b511fe37/RNA-seq.parquet	/content/TCGA1/TCGA-LUAD/1d276b62-5e64-48fb-b2ce-5192b511fe37/DNA-methylation.parquet	/content/TCGA1/TCGA-LUAD/1d276b62-5e64-48fb-b2ce-5192b511fe37/mirna-seq.parquet
1d90c9f3-5025-4867-a2f0-e455b6a254fa	TCGA-LUAD	/content/TCGA1/TCGA-LUAD/1d90c9f3-5025-4867-a2f0-e455b6a254fa/RNA-seq.parquet	/content/TCGA1/TCGA-LUAD/1d90c9f3-5025-4867-a2f0-e455b6a254fa/DNA-methylation.parquet	/content/TCGA1/TCGA-LUAD/1d90c9f3-5025-4867-a2f0-e455b6a254fa/mirna-seq.parquet
1f0a5312-0590-4230-9da9-fd0cfe693586	TCGA-LUAD	/content/TCGA1/TCGA-LUAD/1f0a5312-0590-4230-9da9-fd0cfe693586/RNA-seq.parquet	/content/TCGA1/TCGA-LUAD/1f0a5312-0590-4230-9da9-fd0cfe693586/DNA-methylation.parquet	/content/TCGA1/TCGA-LUAD/1f0a5312-0590-4230-9da9-fd0cfe693586/mirna-seq.parquet
1f1df7ea-00b9-4432-86de-da773d1451e5	TCGA-LUAD	/content/TCGA1/TCGA-LUAD/1f1df7ea-00b9-4432-86de-da773d1451e5/RNA-seq.parquet	/content/TCGA1/TCGA-LUAD/1f1df7ea-00b9-4432-86de-da773d1451e5/DNA-methylation.parquet	/content/TCGA1/TCGA-LUAD/1f1df7ea-00b9-4432-86de-da773d1451e5/mirna-seq.parquet
1fc81cd4-fa89-4135-8c3c-027ffae82b05	TCGA-LUAD	/content/TCGA1/TCGA-LUAD/1fc81cd4-fa89-4135-8c3c-027ffae82b05/RNA-seq.parquet	/content/TCGA1/TCGA-LUAD/1fc81cd4-fa89-4135-8c3c-027ffae82b05/DNA-methylation.parquet	/content/TCGA1/TCGA-LUAD/1fc81cd4-fa89-4135-8c3c-027ffae82b05/mirna-seq.parquet
202e5df9-69f2-432c-a59d-cc5aa176e973	TCGA-LUAD	/content/TCGA1/TCGA-LUAD/202e5df9-69f2-432c-a59d-cc5aa176e973/RNA-seq.parquet	/content/TCGA1/TCGA-LUAD/202e5df9-69f2-432c-a59d-cc5aa176e973/DNA-methylation.parquet	/content/TCGA1/TCGA-LUAD/202e5df9-69f2-432c-a59d-cc5aa176e973/mirna-seq.parquet
205759a6-6391-491b-9857-0080c3a5871e	TCGA-LUAD	/content/TCGA1/TCGA-LUAD/205759a6-6391-491b-9857-0080c3a5871e/RNA-seq.parquet	/content/TCGA1/TCGA-LUAD/205759a6-6391-491b-9857-0080c3a5871e/DNA-methylation.parquet	/content/TCGA1/TCGA-LUAD/205759a6-6391-491b-9857-0080c3a5871e/mirna-seq.parquet
2079155a-d91d-4246-a038-01934a580f32	TCGA-LUAD	/content/TCGA1/TCGA-LUAD/2079155a-d91d-4246-a038-01934a580f32/RNA-seq.parquet		/content/TCGA1/TCGA-LUAD/2079155a-d91d-4246-a038-01934a580f32/mirna-seq.parquet
21fb46f9-4bbb-441c-af19-a687e9138344	TCGA-LUAD	/content/TCGA1/TCGA-LUAD/21fb46f9-4bbb-441c-af19-a687e9138344/RNA-seq.parquet	/content/TCGA1/TCGA-LUAD/21fb46f9-4bbb-441c-af19-a687e9138344/DNA-methylation.parquet	/content/TCGA1/TCGA-LUAD/21fb46f9-4bbb-441c-af19-a687e9138344/mirna-seq.parquet
22302e92-fdfa-462a-9249-efdaa26ee5ed	TCGA-LUAD		/content/TCGA1/TCGA-LUAD/22302e92-fdfa-462a-9249-efdaa26ee5ed/DNA-methylation.parquet	/content/TCGA1/TCGA-LUAD/22302e92-fdfa-462a-9249-efdaa26ee5ed/mirna-seq.parquet
23069f19-eba5-4ea5-ae7d-1ee4399ce7c1	TCGA-LUAD	/content/TCGA1/TCGA-LUAD/23069f19-eba5-4ea5-ae7d-1ee4399ce7c1/RNA-seq.parquet	/content/TCGA1/TCGA-LUAD/23069f19-eba5-4ea5-ae7d-1ee4399ce7c1/DNA-methylation.parquet	/content/TCGA1/TCGA-LUAD/23069f19-eba5-4ea5-ae7d-1ee4399ce7c1/mirna-seq.parquet
230dc42d-681c-4e31-9d2e-c724e61829fb	TCGA-LUAD	/content/TCGA1/TCGA-LUAD/230dc42d-681c-4e31-9d2e-c724e61829fb/RNA-seq.parquet	/content/TCGA1/TCGA-LUAD/230dc42d-681c-4e31-9d2e-c724e61829fb/DNA-methylation.parquet	/content/TCGA1/TCGA-LUAD/230dc42d-681c-4e31-9d2e-c724e61829fb/mirna-seq.parquet
243c6fd6-5516-46e5-bcef-292d93d7b7d3	TCGA-LUAD	/content/TCGA1/TCGA-LUAD/243c6fd6-5516-46e5-bcef-292d93d7b7d3/RNA-seq.parquet	/content/TCGA1/TCGA-LUAD/243c6fd6-5516-46e5-bcef-292d93d7b7d3/DNA-methylation.parquet	/content/TCGA1/TCGA-LUAD/243c6fd6-5516-46e5-bcef-292d93d7b7d3/mirna-seq.parquet
2483621a-4db3-41ab-aa33-b9427ea8a0af	TCGA-LUAD	/content/TCGA1/TCGA-LUAD/2483621a-4db3-41ab-aa33-b9427ea8a0af/RNA-seq.parquet	/content/TCGA1/TCGA-LUAD/2483621a-4db3-41ab-aa33-b9427ea8a0af/DNA-methylation.parquet	/content/TCGA1/TCGA-LUAD/2483621a-4db3-41ab-aa33-b9427ea8a0af/mirna-seq.parquet
258a3a41-211b-4c66-bd3b-ef03014a6967	TCGA-LUAD	/content/TCGA1/TCGA-LUAD/258a3a41-211b-4c66-bd3b-ef03014a6967/RNA-seq.parquet	/content/TCGA1/TCGA-LUAD/258a3a41-211b-4c66-bd3b-ef03014a6967/DNA-methylation.parquet	/content/TCGA1/TCGA-LUAD/258a3a41-211b-4c66-bd3b-ef03014a6967/mirna-seq.parquet
25d4ea9e-f773-4f11-bac9-64efdad73211	TCGA-LUAD	/content/TCGA1/TCGA-LUAD/25d4ea9e-f773-4f11-bac9-64efdad73211/RNA-seq.parquet	/content/TCGA1/TCGA-LUAD/25d4ea9e-f773-4f11-bac9-64efdad73211/DNA-methylation.parquet	/content/TCGA1/TCGA-LUAD/25d4ea9e-f773-4f11-bac9-64efdad73211/mirna-seq.parquet
26a92e1b-08d8-45cd-af0c-eaf2514808a2	TCGA-LUAD	/content/TCGA1/TCGA-LUAD/26a92e1b-08d8-45cd-af0c-eaf2514808a2/RNA-seq.parquet	/content/TCGA1/TCGA-LUAD/26a92e1b-08d8-45cd-af0c-eaf2514808a2/DNA-methylation.parquet	/content/TCGA1/TCGA-LUAD/26a92e1b-08d8-45cd-af0c-eaf2514808a2/mirna-seq.parquet
27fceec1-3298-4cdd-a4e6-8f5cf34604f0	TCGA-LUAD	/content/TCGA1/TCGA-LUAD/27fceec1-3298-4cdd-a4e6-8f5cf34604f0/RNA-seq.parquet	/content/TCGA1/TCGA-LUAD/27fceec1-3298-4cdd-a4e6-8f5cf34604f0/DNA-methylation.parquet	/content/TCGA1/TCGA-LUAD/27fceec1-3298-4cdd-a4e6-8f5cf34604f0/mirna-seq.parquet
2923e404-38f2-437a-b57e-23401fbe0273	TCGA-LUAD	/content/TCGA1/TCGA-LUAD/2923e404-38f2-437a-b57e-23401fbe0273/RNA-seq.parquet	/content/TCGA1/TCGA-LUAD/2923e404-38f2-437a-b57e-23401fbe0273/DNA-methylation.parquet	/content/TCGA1/TCGA-LUAD/2923e404-38f2-437a-b57e-23401fbe0273/mirna-seq.parquet
294cb595-0907-44c7-bbef-985a27c1e6e2	TCGA-LUAD	/content/TCGA1/TCGA-LUAD/294cb595-0907-44c7-bbef-985a27c1e6e2/RNA-seq.parquet	/content/TCGA1/TCGA-LUAD/294cb595-0907-44c7-bbef-985a27c1e6e2/DNA-methylation.parquet	/content/TCGA1/TCGA-LUAD/294cb595-0907-44c7-bbef-985a27c1e6e2/mirna-seq.parquet
294ff941-aea1-4588-9a0e-e9f5393e2bb6	TCGA-LUAD	/content/TCGA1/TCGA-LUAD/294ff941-aea1-4588-9a0e-e9f5393e2bb6/RNA-seq.parquet		/content/TCGA1/TCGA-LUAD/294ff941-aea1-4588-9a0e-e9f5393e2bb6/mirna-seq.parquet
2a394996-809f-459f-a647-d209921ccbd2	TCGA-LUAD	/content/TCGA1/TCGA-LUAD/2a394996-809f-459f-a647-d209921ccbd2/RNA-seq.parquet	/content/TCGA1/TCGA-LUAD/2a394996-809f-459f-a647-d209921ccbd2/DNA-methylation.parquet	/content/TCGA1/TCGA-LUAD/2a394996-809f-459f-a647-d209921ccbd2/mirna-seq.parquet
2a43e61e-2151-4c5a-b062-74ce9dfd8d4a	TCGA-LUAD	/content/TCGA1/TCGA-LUAD/2a43e61e-2151-4c5a-b062-74ce9dfd8d4a/RNA-seq.parquet	/content/TCGA1/TCGA-LUAD/2a43e61e-2151-4c5a-b062-74ce9dfd8d4a/DNA-methylation.parquet	/content/TCGA1/TCGA-LUAD/2a43e61e-2151-4c5a-b062-74ce9dfd8d4a/mirna-seq.parquet
2b68b51f-bd4c-4bbb-b4e6-2eead53da2a4	TCGA-LUAD	/content/TCGA1/TCGA-LUAD/2b68b51f-bd4c-4bbb-b4e6-2eead53da2a4/RNA-seq.parquet	/content/TCGA1/TCGA-LUAD/2b68b51f-bd4c-4bbb-b4e6-2eead53da2a4/DNA-methylation.parquet	/content/TCGA1/TCGA-LUAD/2b68b51f-bd4c-4bbb-b4e6-2eead53da2a4/mirna-seq.parquet
2c03141e-a0bd-4e8d-91e4-9744d139ccce	TCGA-LUAD	/content/TCGA1/TCGA-LUAD/2c03141e-a0bd-4e8d-91e4-9744d139ccce/RNA-seq.parquet	/content/TCGA1/TCGA-LUAD/2c03141e-a0bd-4e8d-91e4-9744d139ccce/DNA-methylation.parquet	/content/TCGA1/TCGA-LUAD/2c03141e-a0bd-4e8d-91e4-9744d139ccce/mirna-seq.parquet
2cd8ea73-cb3f-4b17-9b97-fa12eb03b85b	TCGA-LUAD	/content/TCGA1/TCGA-LUAD/2cd8ea73-cb3f-4b17-9b97-fa12eb03b85b/RNA-seq.parquet	/content/TCGA1/TCGA-LUAD/2cd8ea73-cb3f-4b17-9b97-fa12eb03b85b/DNA-methylation.parquet	/content/TCGA1/TCGA-LUAD/2cd8ea73-cb3f-4b17-9b97-fa12eb03b85b/mirna-seq.parquet
2db08267-d346-4d42-aac0-b76831903253	TCGA-LUAD	/content/TCGA1/TCGA-LUAD/2db08267-d346-4d42-aac0-b76831903253/RNA-seq.parquet	/content/TCGA1/TCGA-LUAD/2db08267-d346-4d42-aac0-b76831903253/DNA-methylation.parquet	/content/TCGA1/TCGA-LUAD/2db08267-d346-4d42-aac0-b76831903253/mirna-seq.parquet
2de1ba51-eae1-4a54-b7cd-d6d739fdc39d	TCGA-LUAD	/content/TCGA1/TCGA-LUAD/2de1ba51-eae1-4a54-b7cd-d6d739fdc39d/RNA-seq.parquet	/content/TCGA1/TCGA-LUAD/2de1ba51-eae1-4a54-b7cd-d6d739fdc39d/DNA-methylation.parquet	/content/TCGA1/TCGA-LUAD/2de1ba51-eae1-4a54-b7cd-d6d739fdc39d/mirna-seq.parquet
2efc156c-464a-4c2f-a854-39fefe32081c	TCGA-LUAD	/content/TCGA1/TCGA-LUAD/2efc156c-464a-4c2f-a854-39fefe32081c/RNA-seq.parquet	/content/TCGA1/TCGA-LUAD/2efc156c-464a-4c2f-a854-39fefe32081c/DNA-methylation.parquet	/content/TCGA1/TCGA-LUAD/2efc156c-464a-4c2f-a854-39fefe32081c/mirna-seq.parquet
2f0710f4-827b-45b2-9b7e-c27385b481a7	TCGA-LUAD	/content/TCGA1/TCGA-LUAD/2f0710f4-827b-45b2-9b7e-c27385b481a7/RNA-seq.parquet	/content/TCGA1/TCGA-LUAD/2f0710f4-827b-45b2-9b7e-c27385b481a7/DNA-methylation.parquet	/content/TCGA1/TCGA-LUAD/2f0710f4-827b-45b2-9b7e-c27385b481a7/mirna-seq.parquet
2f09479f-87fc-4c34-8e2c-333e970a3681	TCGA-LUAD	/content/TCGA1/TCGA-LUAD/2f09479f-87fc-4c34-8e2c-333e970a3681/RNA-seq.parquet	/content/TCGA1/TCGA-LUAD/2f09479f-87fc-4c34-8e2c-333e970a3681/DNA-methylation.parquet	/content/TCGA1/TCGA-LUAD/2f09479f-87fc-4c34-8e2c-333e970a3681/mirna-seq.parquet
2f1a4b16-104c-40eb-8114-8245847bb716	TCGA-LUAD	/content/TCGA1/TCGA-LUAD/2f1a4b16-104c-40eb-8114-8245847bb716/RNA-seq.parquet	/content/TCGA1/TCGA-LUAD/2f1a4b16-104c-40eb-8114-8245847bb716/DNA-methylation.parquet	/content/TCGA1/TCGA-LUAD/2f1a4b16-104c-40eb-8114-8245847bb716/mirna-seq.parquet
2fabeb98-05e3-4f55-97f5-fbc675e25a3d	TCGA-LUAD	/content/TCGA1/TCGA-LUAD/2fabeb98-05e3-4f55-97f5-fbc675e25a3d/RNA-seq.parquet	/content/TCGA1/TCGA-LUAD/2fabeb98-05e3-4f55-97f5-fbc675e25a3d/DNA-methylation.parquet	/content/TCGA1/TCGA-LUAD/2fabeb98-05e3-4f55-97f5-fbc675e25a3d/mirna-seq.parquet
301ca6e8-7981-4264-b4ae-38f56f7f9225	TCGA-LUAD	/content/TCGA1/TCGA-LUAD/301ca6e8-7981-4264-b4ae-38f56f7f9225/RNA-seq.parquet	/content/TCGA1/TCGA-LUAD/301ca6e8-7981-4264-b4ae-38f56f7f9225/DNA-methylation.parquet	/content/TCGA1/TCGA-LUAD/301ca6e8-7981-4264-b4ae-38f56f7f9225/mirna-seq.parquet
30f276a8-3a4b-4de8-aea0-7f605d100401	TCGA-LUAD	/content/TCGA1/TCGA-LUAD/30f276a8-3a4b-4de8-aea0-7f605d100401/RNA-seq.parquet	/content/TCGA1/TCGA-LUAD/30f276a8-3a4b-4de8-aea0-7f605d100401/DNA-methylation.parquet	/content/TCGA1/TCGA-LUAD/30f276a8-3a4b-4de8-aea0-7f605d100401/mirna-seq.parquet
31458638-e19c-43e5-ab13-9c64b3b3681d	TCGA-LUAD	/content/TCGA1/TCGA-LUAD/31458638-e19c-43e5-ab13-9c64b3b3681d/RNA-seq.parquet	/content/TCGA1/TCGA-LUAD/31458638-e19c-43e5-ab13-9c64b3b3681d/DNA-methylation.parquet	/content/TCGA1/TCGA-LUAD/31458638-e19c-43e5-ab13-9c64b3b3681d/mirna-seq.parquet
3199cfe5-3be3-43cd-a36b-5cf2c7a9929f	TCGA-LUAD	/content/TCGA1/TCGA-LUAD/3199cfe5-3be3-43cd-a36b-5cf2c7a9929f/RNA-seq.parquet	/content/TCGA1/TCGA-LUAD/3199cfe5-3be3-43cd-a36b-5cf2c7a9929f/DNA-methylation.parquet	/content/TCGA1/TCGA-LUAD/3199cfe5-3be3-43cd-a36b-5cf2c7a9929f/mirna-seq.parquet
31c96e35-5e2f-429c-b12a-7bc5a497a300	TCGA-LUAD	/content/TCGA1/TCGA-LUAD/31c96e35-5e2f-429c-b12a-7bc5a497a300/RNA-seq.parquet		/content/TCGA1/TCGA-LUAD/31c96e35-5e2f-429c-b12a-7bc5a497a300/mirna-seq.parquet
31ff69b5-9e58-44da-8326-bdfc7ee495c4	TCGA-LUAD	/content/TCGA1/TCGA-LUAD/31ff69b5-9e58-44da-8326-bdfc7ee495c4/RNA-seq.parquet	/content/TCGA1/TCGA-LUAD/31ff69b5-9e58-44da-8326-bdfc7ee495c4/DNA-methylation.parquet	/content/TCGA1/TCGA-LUAD/31ff69b5-9e58-44da-8326-bdfc7ee495c4/mirna-seq.parquet
32592562-11fa-435a-b40b-2b242bae53aa	TCGA-LUAD	/content/TCGA1/TCGA-LUAD/32592562-11fa-435a-b40b-2b242bae53aa/RNA-seq.parquet	/content/TCGA1/TCGA-LUAD/32592562-11fa-435a-b40b-2b242bae53aa/DNA-methylation.parquet	/content/TCGA1/TCGA-LUAD/32592562-11fa-435a-b40b-2b242bae53aa/mirna-seq.parquet
32a7b827-c3f9-4607-ae63-dae8caa2bc97	TCGA-LUAD	/content/TCGA1/TCGA-LUAD/32a7b827-c3f9-4607-ae63-dae8caa2bc97/RNA-seq.parquet	/content/TCGA1/TCGA-LUAD/32a7b827-c3f9-4607-ae63-dae8caa2bc97/DNA-methylation.parquet	/content/TCGA1/TCGA-LUAD/32a7b827-c3f9-4607-ae63-dae8caa2bc97/mirna-seq.parquet
32d9935a-f5cd-43b3-88bd-09e6e2b9090d	TCGA-LUAD	/content/TCGA1/TCGA-LUAD/32d9935a-f5cd-43b3-88bd-09e6e2b9090d/RNA-seq.parquet	/content/TCGA1/TCGA-LUAD/32d9935a-f5cd-43b3-88bd-09e6e2b9090d/DNA-methylation.parquet	/content/TCGA1/TCGA-LUAD/32d9935a-f5cd-43b3-88bd-09e6e2b9090d/mirna-seq.parquet
33c71ead-4c2a-476d-85ef-885dbbfc2cbd	TCGA-LUAD	/content/TCGA1/TCGA-LUAD/33c71ead-4c2a-476d-85ef-885dbbfc2cbd/RNA-seq.parquet	/content/TCGA1/TCGA-LUAD/33c71ead-4c2a-476d-85ef-885dbbfc2cbd/DNA-methylation.parquet	/content/TCGA1/TCGA-LUAD/33c71ead-4c2a-476d-85ef-885dbbfc2cbd/mirna-seq.parquet
33e3f736-7990-4f7a-ac35-863247566541	TCGA-LUAD	/content/TCGA1/TCGA-LUAD/33e3f736-7990-4f7a-ac35-863247566541/RNA-seq.parquet	/content/TCGA1/TCGA-LUAD/33e3f736-7990-4f7a-ac35-863247566541/DNA-methylation.parquet	/content/TCGA1/TCGA-LUAD/33e3f736-7990-4f7a-ac35-863247566541/mirna-seq.parquet
34040b83-7e8a-4264-a551-b16621843e28	TCGA-LUAD	/content/TCGA1/TCGA-LUAD/34040b83-7e8a-4264-a551-b16621843e28/RNA-seq.parquet		/content/TCGA1/TCGA-LUAD/34040b83-7e8a-4264-a551-b16621843e28/mirna-seq.parquet
3434b91a-c05f-460f-a078-7b1bb6e7085d	TCGA-LUAD	/content/TCGA1/TCGA-LUAD/3434b91a-c05f-460f-a078-7b1bb6e7085d/RNA-seq.parquet		/content/TCGA1/TCGA-LUAD/3434b91a-c05f-460f-a078-7b1bb6e7085d/mirna-seq.parquet
345aef28-d49b-491b-a337-b1ac55c37d35	TCGA-LUAD	/content/TCGA1/TCGA-LUAD/345aef28-d49b-491b-a337-b1ac55c37d35/RNA-seq.parquet	/content/TCGA1/TCGA-LUAD/345aef28-d49b-491b-a337-b1ac55c37d35/DNA-methylation.parquet	/content/TCGA1/TCGA-LUAD/345aef28-d49b-491b-a337-b1ac55c37d35/mirna-seq.parquet
349e6f38-2c67-4a69-a777-b9173a2a27cf	TCGA-LUAD	/content/TCGA1/TCGA-LUAD/349e6f38-2c67-4a69-a777-b9173a2a27cf/RNA-seq.parquet	/content/TCGA1/TCGA-LUAD/349e6f38-2c67-4a69-a777-b9173a2a27cf/DNA-methylation.parquet	/content/TCGA1/TCGA-LUAD/349e6f38-2c67-4a69-a777-b9173a2a27cf/mirna-seq.parquet
34d8e84e-c3e1-417d-8b9b-8563d9fa0f8e	TCGA-LUAD	/content/TCGA1/TCGA-LUAD/34d8e84e-c3e1-417d-8b9b-8563d9fa0f8e/RNA-seq.parquet	/content/TCGA1/TCGA-LUAD/34d8e84e-c3e1-417d-8b9b-8563d9fa0f8e/DNA-methylation.parquet	/content/TCGA1/TCGA-LUAD/34d8e84e-c3e1-417d-8b9b-8563d9fa0f8e/mirna-seq.parquet
35cb7841-9b09-465a-90c5-e3b8a9faad49	TCGA-LUAD	/content/TCGA1/TCGA-LUAD/35cb7841-9b09-465a-90c5-e3b8a9faad49/RNA-seq.parquet	/content/TCGA1/TCGA-LUAD/35cb7841-9b09-465a-90c5-e3b8a9faad49/DNA-methylation.parquet	/content/TCGA1/TCGA-LUAD/35cb7841-9b09-465a-90c5-e3b8a9faad49/mirna-seq.parquet
362000e4-cf7c-48fc-93cc-8f5994b442ea	TCGA-LUAD	/content/TCGA1/TCGA-LUAD/362000e4-cf7c-48fc-93cc-8f5994b442ea/RNA-seq.parquet	/content/TCGA1/TCGA-LUAD/362000e4-cf7c-48fc-93cc-8f5994b442ea/DNA-methylation.parquet	/content/TCGA1/TCGA-LUAD/362000e4-cf7c-48fc-93cc-8f5994b442ea/mirna-seq.parquet
36470b30-a3b3-4d28-851b-918a7ff88011	TCGA-LUAD	/content/TCGA1/TCGA-LUAD/36470b30-a3b3-4d28-851b-918a7ff88011/RNA-seq.parquet	/content/TCGA1/TCGA-LUAD/36470b30-a3b3-4d28-851b-918a7ff88011/DNA-methylation.parquet	/content/TCGA1/TCGA-LUAD/36470b30-a3b3-4d28-851b-918a7ff88011/mirna-seq.parquet
368e23f0-e573-4547-bf5a-14080baf737b	TCGA-LUAD	/content/TCGA1/TCGA-LUAD/368e23f0-e573-4547-bf5a-14080baf737b/RNA-seq.parquet	/content/TCGA1/TCGA-LUAD/368e23f0-e573-4547-bf5a-14080baf737b/DNA-methylation.parquet	/content/TCGA1/TCGA-LUAD/368e23f0-e573-4547-bf5a-14080baf737b/mirna-seq.parquet
369f14c4-2191-4962-a309-3e23ddc4e5fc	TCGA-LUAD	/content/TCGA1/TCGA-LUAD/369f14c4-2191-4962-a309-3e23ddc4e5fc/RNA-seq.parquet	/content/TCGA1/TCGA-LUAD/369f14c4-2191-4962-a309-3e23ddc4e5fc/DNA-methylation.parquet	/content/TCGA1/TCGA-LUAD/369f14c4-2191-4962-a309-3e23ddc4e5fc/mirna-seq.parquet
36ad7fc7-0cc1-4f01-aef1-f89b3cb4feac	TCGA-LUAD	/content/TCGA1/TCGA-LUAD/36ad7fc7-0cc1-4f01-aef1-f89b3cb4feac/RNA-seq.parquet		/content/TCGA1/TCGA-LUAD/36ad7fc7-0cc1-4f01-aef1-f89b3cb4feac/mirna-seq.parquet
36bf02f8-c1c8-49f9-a417-adf88a205c70	TCGA-LUAD	/content/TCGA1/TCGA-LUAD/36bf02f8-c1c8-49f9-a417-adf88a205c70/RNA-seq.parquet		/content/TCGA1/TCGA-LUAD/36bf02f8-c1c8-49f9-a417-adf88a205c70/mirna-seq.parquet
37884d39-64e8-4242-b6bd-4c0a1daa21cd	TCGA-LUAD	/content/TCGA1/TCGA-LUAD/37884d39-64e8-4242-b6bd-4c0a1daa21cd/RNA-seq.parquet	/content/TCGA1/TCGA-LUAD/37884d39-64e8-4242-b6bd-4c0a1daa21cd/DNA-methylation.parquet	/content/TCGA1/TCGA-LUAD/37884d39-64e8-4242-b6bd-4c0a1daa21cd/mirna-seq.parquet
37c8d73a-45ae-40fc-ba9a-721b755c1160	TCGA-LUAD	/content/TCGA1/TCGA-LUAD/37c8d73a-45ae-40fc-ba9a-721b755c1160/RNA-seq.parquet	/content/TCGA1/TCGA-LUAD/37c8d73a-45ae-40fc-ba9a-721b755c1160/DNA-methylation.parquet	/content/TCGA1/TCGA-LUAD/37c8d73a-45ae-40fc-ba9a-721b755c1160/mirna-seq.parquet
383d1253-349f-43b3-bebd-9f1d1cf14b3d	TCGA-LUAD	/content/TCGA1/TCGA-LUAD/383d1253-349f-43b3-bebd-9f1d1cf14b3d/RNA-seq.parquet	/content/TCGA1/TCGA-LUAD/383d1253-349f-43b3-bebd-9f1d1cf14b3d/DNA-methylation.parquet	/content/TCGA1/TCGA-LUAD/383d1253-349f-43b3-bebd-9f1d1cf14b3d/mirna-seq.parquet
389f78a3-fa0b-406c-9434-aa0298341a8c	TCGA-LUAD	/content/TCGA1/TCGA-LUAD/389f78a3-fa0b-406c-9434-aa0298341a8c/RNA-seq.parquet	/content/TCGA1/TCGA-LUAD/389f78a3-fa0b-406c-9434-aa0298341a8c/DNA-methylation.parquet	/content/TCGA1/TCGA-LUAD/389f78a3-fa0b-406c-9434-aa0298341a8c/mirna-seq.parquet
397d3f69-1453-4057-b177-8723eec923d1	TCGA-LUAD	/content/TCGA1/TCGA-LUAD/397d3f69-1453-4057-b177-8723eec923d1/RNA-seq.parquet	/content/TCGA1/TCGA-LUAD/397d3f69-1453-4057-b177-8723eec923d1/DNA-methylation.parquet	/content/TCGA1/TCGA-LUAD/397d3f69-1453-4057-b177-8723eec923d1/mirna-seq.parquet
39ab7174-5707-498d-9959-523680e04198	TCGA-LUAD	/content/TCGA1/TCGA-LUAD/39ab7174-5707-498d-9959-523680e04198/RNA-seq.parquet	/content/TCGA1/TCGA-LUAD/39ab7174-5707-498d-9959-523680e04198/DNA-methylation.parquet	/content/TCGA1/TCGA-LUAD/39ab7174-5707-498d-9959-523680e04198/mirna-seq.parquet
3a23cdb5-2327-45ac-b0b5-d4afe038c757	TCGA-LUAD	/content/TCGA1/TCGA-LUAD/3a23cdb5-2327-45ac-b0b5-d4afe038c757/RNA-seq.parquet		/content/TCGA1/TCGA-LUAD/3a23cdb5-2327-45ac-b0b5-d4afe038c757/mirna-seq.parquet
3afa5045-a1ee-4a07-8aad-2e252b2f7d7a	TCGA-LUAD	/content/TCGA1/TCGA-LUAD/3afa5045-a1ee-4a07-8aad-2e252b2f7d7a/RNA-seq.parquet	/content/TCGA1/TCGA-LUAD/3afa5045-a1ee-4a07-8aad-2e252b2f7d7a/DNA-methylation.parquet	/content/TCGA1/TCGA-LUAD/3afa5045-a1ee-4a07-8aad-2e252b2f7d7a/mirna-seq.parquet
3b21b982-dba2-45f4-ad8d-21dc86fcaaa7	TCGA-LUAD	/content/TCGA1/TCGA-LUAD/3b21b982-dba2-45f4-ad8d-21dc86fcaaa7/RNA-seq.parquet	/content/TCGA1/TCGA-LUAD/3b21b982-dba2-45f4-ad8d-21dc86fcaaa7/DNA-methylation.parquet	/content/TCGA1/TCGA-LUAD/3b21b982-dba2-45f4-ad8d-21dc86fcaaa7/mirna-seq.parquet
3b89ac82-63f6-41b9-a03d-34b9ffc1550d	TCGA-LUAD	/content/TCGA1/TCGA-LUAD/3b89ac82-63f6-41b9-a03d-34b9ffc1550d/RNA-seq.parquet	/content/TCGA1/TCGA-LUAD/3b89ac82-63f6-41b9-a03d-34b9ffc1550d/DNA-methylation.parquet	/content/TCGA1/TCGA-LUAD/3b89ac82-63f6-41b9-a03d-34b9ffc1550d/mirna-seq.parquet
3bc7026f-73f2-418b-bd62-f4768582b790	TCGA-LUAD	/content/TCGA1/TCGA-LUAD/3bc7026f-73f2-418b-bd62-f4768582b790/RNA-seq.parquet	/content/TCGA1/TCGA-LUAD/3bc7026f-73f2-418b-bd62-f4768582b790/DNA-methylation.parquet	/content/TCGA1/TCGA-LUAD/3bc7026f-73f2-418b-bd62-f4768582b790/mirna-seq.parquet
3bd6badb-27ff-4d8d-b206-4d28dc264862	TCGA-LUAD	/content/TCGA1/TCGA-LUAD/3bd6badb-27ff-4d8d-b206-4d28dc264862/RNA-seq.parquet		/content/TCGA1/TCGA-LUAD/3bd6badb-27ff-4d8d-b206-4d28dc264862/mirna-seq.parquet
3c4ff061-d214-4d1c-8d2e-3034f207c252	TCGA-LUAD	/content/TCGA1/TCGA-LUAD/3c4ff061-d214-4d1c-8d2e-3034f207c252/RNA-seq.parquet	/content/TCGA1/TCGA-LUAD/3c4ff061-d214-4d1c-8d2e-3034f207c252/DNA-methylation.parquet	/content/TCGA1/TCGA-LUAD/3c4ff061-d214-4d1c-8d2e-3034f207c252/mirna-seq.parquet
3d2aa654-1b5f-4eb4-a1c2-af31f5760069	TCGA-LUAD	/content/TCGA1/TCGA-LUAD/3d2aa654-1b5f-4eb4-a1c2-af31f5760069/RNA-seq.parquet		/content/TCGA1/TCGA-LUAD/3d2aa654-1b5f-4eb4-a1c2-af31f5760069/mirna-seq.parquet
3daebe75-c6df-478e-8a4c-11186fd5ead9	TCGA-LUAD	/content/TCGA1/TCGA-LUAD/3daebe75-c6df-478e-8a4c-11186fd5ead9/RNA-seq.parquet	/content/TCGA1/TCGA-LUAD/3daebe75-c6df-478e-8a4c-11186fd5ead9/DNA-methylation.parquet	/content/TCGA1/TCGA-LUAD/3daebe75-c6df-478e-8a4c-11186fd5ead9/mirna-seq.parquet
3e1df30f-744a-41e9-a169-7dbbff66622e	TCGA-LUAD	/content/TCGA1/TCGA-LUAD/3e1df30f-744a-41e9-a169-7dbbff66622e/RNA-seq.parquet	/content/TCGA1/TCGA-LUAD/3e1df30f-744a-41e9-a169-7dbbff66622e/DNA-methylation.parquet	/content/TCGA1/TCGA-LUAD/3e1df30f-744a-41e9-a169-7dbbff66622e/mirna-seq.parquet
3e34c7d9-90fa-41e2-ba6b-4bbc332adc4e	TCGA-LUAD	/content/TCGA1/TCGA-LUAD/3e34c7d9-90fa-41e2-ba6b-4bbc332adc4e/RNA-seq.parquet	/content/TCGA1/TCGA-LUAD/3e34c7d9-90fa-41e2-ba6b-4bbc332adc4e/DNA-methylation.parquet	/content/TCGA1/TCGA-LUAD/3e34c7d9-90fa-41e2-ba6b-4bbc332adc4e/mirna-seq.parquet
3e635902-5310-4406-8b4d-a238ce382639	TCGA-LUAD	/content/TCGA1/TCGA-LUAD/3e635902-5310-4406-8b4d-a238ce382639/RNA-seq.parquet	/content/TCGA1/TCGA-LUAD/3e635902-5310-4406-8b4d-a238ce382639/DNA-methylation.parquet	/content/TCGA1/TCGA-LUAD/3e635902-5310-4406-8b4d-a238ce382639/mirna-seq.parquet
3ed05070-6633-4de5-9f72-090f93aa2e4d	TCGA-LUAD	/content/TCGA1/TCGA-LUAD/3ed05070-6633-4de5-9f72-090f93aa2e4d/RNA-seq.parquet	/content/TCGA1/TCGA-LUAD/3ed05070-6633-4de5-9f72-090f93aa2e4d/DNA-methylation.parquet	/content/TCGA1/TCGA-LUAD/3ed05070-6633-4de5-9f72-090f93aa2e4d/mirna-seq.parquet
3fe8f8e4-5396-4362-82f5-366e2fb69db2	TCGA-LUAD	/content/TCGA1/TCGA-LUAD/3fe8f8e4-5396-4362-82f5-366e2fb69db2/RNA-seq.parquet	/content/TCGA1/TCGA-LUAD/3fe8f8e4-5396-4362-82f5-366e2fb69db2/DNA-methylation.parquet	/content/TCGA1/TCGA-LUAD/3fe8f8e4-5396-4362-82f5-366e2fb69db2/mirna-seq.parquet
4036c6fc-c82e-47bb-a384-6f299dc30b52	TCGA-LUAD	/content/TCGA1/TCGA-LUAD/4036c6fc-c82e-47bb-a384-6f299dc30b52/RNA-seq.parquet	/content/TCGA1/TCGA-LUAD/4036c6fc-c82e-47bb-a384-6f299dc30b52/DNA-methylation.parquet	/content/TCGA1/TCGA-LUAD/4036c6fc-c82e-47bb-a384-6f299dc30b52/mirna-seq.parquet
41c4c704-825e-49f5-9d54-dbd7d30725e0	TCGA-LUAD	/content/TCGA1/TCGA-LUAD/41c4c704-825e-49f5-9d54-dbd7d30725e0/RNA-seq.parquet	/content/TCGA1/TCGA-LUAD/41c4c704-825e-49f5-9d54-dbd7d30725e0/DNA-methylation.parquet	/content/TCGA1/TCGA-LUAD/41c4c704-825e-49f5-9d54-dbd7d30725e0/mirna-seq.parquet
42259aa6-c9f5-4309-a956-dbf930312f44	TCGA-LUAD	/content/TCGA1/TCGA-LUAD/42259aa6-c9f5-4309-a956-dbf930312f44/RNA-seq.parquet	/content/TCGA1/TCGA-LUAD/42259aa6-c9f5-4309-a956-dbf930312f44/DNA-methylation.parquet	/content/TCGA1/TCGA-LUAD/42259aa6-c9f5-4309-a956-dbf930312f44/mirna-seq.parquet
42432463-8e92-4f25-b72a-f03953527aa5	TCGA-LUAD	/content/TCGA1/TCGA-LUAD/42432463-8e92-4f25-b72a-f03953527aa5/RNA-seq.parquet	/content/TCGA1/TCGA-LUAD/42432463-8e92-4f25-b72a-f03953527aa5/DNA-methylation.parquet	/content/TCGA1/TCGA-LUAD/42432463-8e92-4f25-b72a-f03953527aa5/mirna-seq.parquet
42ca54fc-c1ae-41cd-bca1-7fe9810db460	TCGA-LUAD	/content/TCGA1/TCGA-LUAD/42ca54fc-c1ae-41cd-bca1-7fe9810db460/RNA-seq.parquet	/content/TCGA1/TCGA-LUAD/42ca54fc-c1ae-41cd-bca1-7fe9810db460/DNA-methylation.parquet	/content/TCGA1/TCGA-LUAD/42ca54fc-c1ae-41cd-bca1-7fe9810db460/mirna-seq.parquet
42d208bd-cd77-4bfb-ad53-9fc072a87393	TCGA-LUAD	/content/TCGA1/TCGA-LUAD/42d208bd-cd77-4bfb-ad53-9fc072a87393/RNA-seq.parquet	/content/TCGA1/TCGA-LUAD/42d208bd-cd77-4bfb-ad53-9fc072a87393/DNA-methylation.parquet	/content/TCGA1/TCGA-LUAD/42d208bd-cd77-4bfb-ad53-9fc072a87393/mirna-seq.parquet
433a32d0-93d1-4897-8e36-beb1ec1d998e	TCGA-LUAD	/content/TCGA1/TCGA-LUAD/433a32d0-93d1-4897-8e36-beb1ec1d998e/RNA-seq.parquet	/content/TCGA1/TCGA-LUAD/433a32d0-93d1-4897-8e36-beb1ec1d998e/DNA-methylation.parquet	/content/TCGA1/TCGA-LUAD/433a32d0-93d1-4897-8e36-beb1ec1d998e/mirna-seq.parquet
44218b35-219c-4ad9-a01e-fde14067c4c0	TCGA-LUAD	/content/TCGA1/TCGA-LUAD/44218b35-219c-4ad9-a01e-fde14067c4c0/RNA-seq.parquet	/content/TCGA1/TCGA-LUAD/44218b35-219c-4ad9-a01e-fde14067c4c0/DNA-methylation.parquet	/content/TCGA1/TCGA-LUAD/44218b35-219c-4ad9-a01e-fde14067c4c0/mirna-seq.parquet
44adf4cb-2829-4153-80fd-a8b7ee0e654a	TCGA-LUAD	/content/TCGA1/TCGA-LUAD/44adf4cb-2829-4153-80fd-a8b7ee0e654a/RNA-seq.parquet		/content/TCGA1/TCGA-LUAD/44adf4cb-2829-4153-80fd-a8b7ee0e654a/mirna-seq.parquet
44d8c859-4b7a-4e9d-bffc-0de0e6afdcc4	TCGA-LUAD	/content/TCGA1/TCGA-LUAD/44d8c859-4b7a-4e9d-bffc-0de0e6afdcc4/RNA-seq.parquet	/content/TCGA1/TCGA-LUAD/44d8c859-4b7a-4e9d-bffc-0de0e6afdcc4/DNA-methylation.parquet	/content/TCGA1/TCGA-LUAD/44d8c859-4b7a-4e9d-bffc-0de0e6afdcc4/mirna-seq.parquet
44dec838-b653-42a7-a58b-a1fd232cd68c	TCGA-LUAD	/content/TCGA1/TCGA-LUAD/44dec838-b653-42a7-a58b-a1fd232cd68c/RNA-seq.parquet		/content/TCGA1/TCGA-LUAD/44dec838-b653-42a7-a58b-a1fd232cd68c/mirna-seq.parquet
46592b7b-6968-42a6-83af-0917c9f4a9a5	TCGA-LUAD	/content/TCGA1/TCGA-LUAD/46592b7b-6968-42a6-83af-0917c9f4a9a5/RNA-seq.parquet	/content/TCGA1/TCGA-LUAD/46592b7b-6968-42a6-83af-0917c9f4a9a5/DNA-methylation.parquet	/content/TCGA1/TCGA-LUAD/46592b7b-6968-42a6-83af-0917c9f4a9a5/mirna-seq.parquet
467d96d7-4a42-4116-8c32-0e4b34f96d8a	TCGA-LUAD	/content/TCGA1/TCGA-LUAD/467d96d7-4a42-4116-8c32-0e4b34f96d8a/RNA-seq.parquet	/content/TCGA1/TCGA-LUAD/467d96d7-4a42-4116-8c32-0e4b34f96d8a/DNA-methylation.parquet	/content/TCGA1/TCGA-LUAD/467d96d7-4a42-4116-8c32-0e4b34f96d8a/mirna-seq.parquet
47062ad2-ba82-45c8-a871-bdea84f0c405	TCGA-LUAD	/content/TCGA1/TCGA-LUAD/47062ad2-ba82-45c8-a871-bdea84f0c405/RNA-seq.parquet	/content/TCGA1/TCGA-LUAD/47062ad2-ba82-45c8-a871-bdea84f0c405/DNA-methylation.parquet	/content/TCGA1/TCGA-LUAD/47062ad2-ba82-45c8-a871-bdea84f0c405/mirna-seq.parquet
472337c2-a2fc-403a-8c17-69511193128b	TCGA-LUAD	/content/TCGA1/TCGA-LUAD/472337c2-a2fc-403a-8c17-69511193128b/RNA-seq.parquet	/content/TCGA1/TCGA-LUAD/472337c2-a2fc-403a-8c17-69511193128b/DNA-methylation.parquet	/content/TCGA1/TCGA-LUAD/472337c2-a2fc-403a-8c17-69511193128b/mirna-seq.parquet
474b86d9-d897-467d-85d4-51dfa26ea107	TCGA-LUAD	/content/TCGA1/TCGA-LUAD/474b86d9-d897-467d-85d4-51dfa26ea107/RNA-seq.parquet	/content/TCGA1/TCGA-LUAD/474b86d9-d897-467d-85d4-51dfa26ea107/DNA-methylation.parquet	/content/TCGA1/TCGA-LUAD/474b86d9-d897-467d-85d4-51dfa26ea107/mirna-seq.parquet
47b749e6-e060-4aa1-8f29-976e489ba789	TCGA-LUAD	/content/TCGA1/TCGA-LUAD/47b749e6-e060-4aa1-8f29-976e489ba789/RNA-seq.parquet	/content/TCGA1/TCGA-LUAD/47b749e6-e060-4aa1-8f29-976e489ba789/DNA-methylation.parquet	/content/TCGA1/TCGA-LUAD/47b749e6-e060-4aa1-8f29-976e489ba789/mirna-seq.parquet
482eb2a7-6fed-4e4c-b1b6-14d6d869f855	TCGA-LUAD	/content/TCGA1/TCGA-LUAD/482eb2a7-6fed-4e4c-b1b6-14d6d869f855/RNA-seq.parquet	/content/TCGA1/TCGA-LUAD/482eb2a7-6fed-4e4c-b1b6-14d6d869f855/DNA-methylation.parquet	/content/TCGA1/TCGA-LUAD/482eb2a7-6fed-4e4c-b1b6-14d6d869f855/mirna-seq.parquet
488646a1-0bdb-45f8-8c30-bef006924511	TCGA-LUAD	/content/TCGA1/TCGA-LUAD/488646a1-0bdb-45f8-8c30-bef006924511/RNA-seq.parquet	/content/TCGA1/TCGA-LUAD/488646a1-0bdb-45f8-8c30-bef006924511/DNA-methylation.parquet	/content/TCGA1/TCGA-LUAD/488646a1-0bdb-45f8-8c30-bef006924511/mirna-seq.parquet
497cc506-03fe-4ffa-860b-5a12adb1bc7d	TCGA-LUAD	/content/TCGA1/TCGA-LUAD/497cc506-03fe-4ffa-860b-5a12adb1bc7d/RNA-seq.parquet	/content/TCGA1/TCGA-LUAD/497cc506-03fe-4ffa-860b-5a12adb1bc7d/DNA-methylation.parquet	/content/TCGA1/TCGA-LUAD/497cc506-03fe-4ffa-860b-5a12adb1bc7d/mirna-seq.parquet
4a1d30e8-e93a-41ed-8e54-08eaff6556a7	TCGA-LUAD	/content/TCGA1/TCGA-LUAD/4a1d30e8-e93a-41ed-8e54-08eaff6556a7/RNA-seq.parquet	/content/TCGA1/TCGA-LUAD/4a1d30e8-e93a-41ed-8e54-08eaff6556a7/DNA-methylation.parquet	/content/TCGA1/TCGA-LUAD/4a1d30e8-e93a-41ed-8e54-08eaff6556a7/mirna-seq.parquet
4ad63dac-76a7-4527-abce-d7a0184e8739	TCGA-LUAD	/content/TCGA1/TCGA-LUAD/4ad63dac-76a7-4527-abce-d7a0184e8739/RNA-seq.parquet	/content/TCGA1/TCGA-LUAD/4ad63dac-76a7-4527-abce-d7a0184e8739/DNA-methylation.parquet	/content/TCGA1/TCGA-LUAD/4ad63dac-76a7-4527-abce-d7a0184e8739/mirna-seq.parquet
4addf05f-3668-4b3f-a17f-c0227329ca52	TCGA-LUAD	/content/TCGA1/TCGA-LUAD/4addf05f-3668-4b3f-a17f-c0227329ca52/RNA-seq.parquet		/content/TCGA1/TCGA-LUAD/4addf05f-3668-4b3f-a17f-c0227329ca52/mirna-seq.parquet
4b22ad71-c585-4077-ad3c-c6e026d0c7fa	TCGA-LUAD	/content/TCGA1/TCGA-LUAD/4b22ad71-c585-4077-ad3c-c6e026d0c7fa/RNA-seq.parquet	/content/TCGA1/TCGA-LUAD/4b22ad71-c585-4077-ad3c-c6e026d0c7fa/DNA-methylation.parquet	/content/TCGA1/TCGA-LUAD/4b22ad71-c585-4077-ad3c-c6e026d0c7fa/mirna-seq.parquet
4b7cd595-e7f9-45a8-b736-a8c7c42d9539	TCGA-LUAD	/content/TCGA1/TCGA-LUAD/4b7cd595-e7f9-45a8-b736-a8c7c42d9539/RNA-seq.parquet	/content/TCGA1/TCGA-LUAD/4b7cd595-e7f9-45a8-b736-a8c7c42d9539/DNA-methylation.parquet	/content/TCGA1/TCGA-LUAD/4b7cd595-e7f9-45a8-b736-a8c7c42d9539/mirna-seq.parquet
4b92fce2-3772-40eb-ab34-a27937b58590	TCGA-LUAD	/content/TCGA1/TCGA-LUAD/4b92fce2-3772-40eb-ab34-a27937b58590/RNA-seq.parquet	/content/TCGA1/TCGA-LUAD/4b92fce2-3772-40eb-ab34-a27937b58590/DNA-methylation.parquet	/content/TCGA1/TCGA-LUAD/4b92fce2-3772-40eb-ab34-a27937b58590/mirna-seq.parquet
4c31127e-d095-4978-9dac-35153c27f6ed	TCGA-LUAD	/content/TCGA1/TCGA-LUAD/4c31127e-d095-4978-9dac-35153c27f6ed/RNA-seq.parquet		
4cd3d483-2283-4c6a-a57a-444216119d34	TCGA-LUAD	/content/TCGA1/TCGA-LUAD/4cd3d483-2283-4c6a-a57a-444216119d34/RNA-seq.parquet	/content/TCGA1/TCGA-LUAD/4cd3d483-2283-4c6a-a57a-444216119d34/DNA-methylation.parquet	/content/TCGA1/TCGA-LUAD/4cd3d483-2283-4c6a-a57a-444216119d34/mirna-seq.parquet
4d153600-81f9-44fb-b485-6355ec306d6a	TCGA-LUAD	/content/TCGA1/TCGA-LUAD/4d153600-81f9-44fb-b485-6355ec306d6a/RNA-seq.parquet	/content/TCGA1/TCGA-LUAD/4d153600-81f9-44fb-b485-6355ec306d6a/DNA-methylation.parquet	/content/TCGA1/TCGA-LUAD/4d153600-81f9-44fb-b485-6355ec306d6a/mirna-seq.parquet
4d51ee44-e6f4-4bcb-be28-e9df54b39a8d	TCGA-LUAD	/content/TCGA1/TCGA-LUAD/4d51ee44-e6f4-4bcb-be28-e9df54b39a8d/RNA-seq.parquet	/content/TCGA1/TCGA-LUAD/4d51ee44-e6f4-4bcb-be28-e9df54b39a8d/DNA-methylation.parquet	/content/TCGA1/TCGA-LUAD/4d51ee44-e6f4-4bcb-be28-e9df54b39a8d/mirna-seq.parquet
4e7b2af4-b158-41a7-be22-bea227a759e6	TCGA-LUAD	/content/TCGA1/TCGA-LUAD/4e7b2af4-b158-41a7-be22-bea227a759e6/RNA-seq.parquet	/content/TCGA1/TCGA-LUAD/4e7b2af4-b158-41a7-be22-bea227a759e6/DNA-methylation.parquet	/content/TCGA1/TCGA-LUAD/4e7b2af4-b158-41a7-be22-bea227a759e6/mirna-seq.parquet
4ef872e1-82c9-4939-9248-41ed9d3085b2	TCGA-LUAD	/content/TCGA1/TCGA-LUAD/4ef872e1-82c9-4939-9248-41ed9d3085b2/RNA-seq.parquet	/content/TCGA1/TCGA-LUAD/4ef872e1-82c9-4939-9248-41ed9d3085b2/DNA-methylation.parquet	/content/TCGA1/TCGA-LUAD/4ef872e1-82c9-4939-9248-41ed9d3085b2/mirna-seq.parquet
4efc2dac-6330-4b7a-a529-a27285f5fc23	TCGA-LUAD	/content/TCGA1/TCGA-LUAD/4efc2dac-6330-4b7a-a529-a27285f5fc23/RNA-seq.parquet	/content/TCGA1/TCGA-LUAD/4efc2dac-6330-4b7a-a529-a27285f5fc23/DNA-methylation.parquet	/content/TCGA1/TCGA-LUAD/4efc2dac-6330-4b7a-a529-a27285f5fc23/mirna-seq.parquet
501c987e-d1eb-48a9-89eb-72a5062c90b4	TCGA-LUAD	/content/TCGA1/TCGA-LUAD/501c987e-d1eb-48a9-89eb-72a5062c90b4/RNA-seq.parquet	/content/TCGA1/TCGA-LUAD/501c987e-d1eb-48a9-89eb-72a5062c90b4/DNA-methylation.parquet	/content/TCGA1/TCGA-LUAD/501c987e-d1eb-48a9-89eb-72a5062c90b4/mirna-seq.parquet
50b2c647-aecd-4c81-af22-0d8116593552	TCGA-LUAD	/content/TCGA1/TCGA-LUAD/50b2c647-aecd-4c81-af22-0d8116593552/RNA-seq.parquet		/content/TCGA1/TCGA-LUAD/50b2c647-aecd-4c81-af22-0d8116593552/mirna-seq.parquet
5134c56f-8286-4ec8-8348-237cee7dad5e	TCGA-LUAD	/content/TCGA1/TCGA-LUAD/5134c56f-8286-4ec8-8348-237cee7dad5e/RNA-seq.parquet	/content/TCGA1/TCGA-LUAD/5134c56f-8286-4ec8-8348-237cee7dad5e/DNA-methylation.parquet	/content/TCGA1/TCGA-LUAD/5134c56f-8286-4ec8-8348-237cee7dad5e/mirna-seq.parquet
5202458b-c38a-47c0-a0ba-5f1a59a762a0	TCGA-LUAD	/content/TCGA1/TCGA-LUAD/5202458b-c38a-47c0-a0ba-5f1a59a762a0/RNA-seq.parquet	/content/TCGA1/TCGA-LUAD/5202458b-c38a-47c0-a0ba-5f1a59a762a0/DNA-methylation.parquet	/content/TCGA1/TCGA-LUAD/5202458b-c38a-47c0-a0ba-5f1a59a762a0/mirna-seq.parquet
528a0fce-0719-4b19-a69d-3f18681696c5	TCGA-LUAD	/content/TCGA1/TCGA-LUAD/528a0fce-0719-4b19-a69d-3f18681696c5/RNA-seq.parquet	/content/TCGA1/TCGA-LUAD/528a0fce-0719-4b19-a69d-3f18681696c5/DNA-methylation.parquet	/content/TCGA1/TCGA-LUAD/528a0fce-0719-4b19-a69d-3f18681696c5/mirna-seq.parquet
52df074f-a402-4b78-9472-f8eb268efded	TCGA-LUAD	/content/TCGA1/TCGA-LUAD/52df074f-a402-4b78-9472-f8eb268efded/RNA-seq.parquet	/content/TCGA1/TCGA-LUAD/52df074f-a402-4b78-9472-f8eb268efded/DNA-methylation.parquet	/content/TCGA1/TCGA-LUAD/52df074f-a402-4b78-9472-f8eb268efded/mirna-seq.parquet
532c1852-76dd-489f-9380-36766d6e3c34	TCGA-LUAD	/content/TCGA1/TCGA-LUAD/532c1852-76dd-489f-9380-36766d6e3c34/RNA-seq.parquet	/content/TCGA1/TCGA-LUAD/532c1852-76dd-489f-9380-36766d6e3c34/DNA-methylation.parquet	/content/TCGA1/TCGA-LUAD/532c1852-76dd-489f-9380-36766d6e3c34/mirna-seq.parquet
54254f5a-50e8-4150-a9b7-56a0470d2a56	TCGA-LUAD	/content/TCGA1/TCGA-LUAD/54254f5a-50e8-4150-a9b7-56a0470d2a56/RNA-seq.parquet	/content/TCGA1/TCGA-LUAD/54254f5a-50e8-4150-a9b7-56a0470d2a56/DNA-methylation.parquet	/content/TCGA1/TCGA-LUAD/54254f5a-50e8-4150-a9b7-56a0470d2a56/mirna-seq.parquet
54480f58-7e63-4aed-a116-c2c2252e8364	TCGA-LUAD	/content/TCGA1/TCGA-LUAD/54480f58-7e63-4aed-a116-c2c2252e8364/RNA-seq.parquet	/content/TCGA1/TCGA-LUAD/54480f58-7e63-4aed-a116-c2c2252e8364/DNA-methylation.parquet	/content/TCGA1/TCGA-LUAD/54480f58-7e63-4aed-a116-c2c2252e8364/mirna-seq.parquet
54775a66-08cc-4f38-98f2-e7b2b5cec994	TCGA-LUAD	/content/TCGA1/TCGA-LUAD/54775a66-08cc-4f38-98f2-e7b2b5cec994/RNA-seq.parquet	/content/TCGA1/TCGA-LUAD/54775a66-08cc-4f38-98f2-e7b2b5cec994/DNA-methylation.parquet	/content/TCGA1/TCGA-LUAD/54775a66-08cc-4f38-98f2-e7b2b5cec994/mirna-seq.parquet
548b0b68-ff45-4d45-adbe-984259e4a68b	TCGA-LUAD	/content/TCGA1/TCGA-LUAD/548b0b68-ff45-4d45-adbe-984259e4a68b/RNA-seq.parquet	/content/TCGA1/TCGA-LUAD/548b0b68-ff45-4d45-adbe-984259e4a68b/DNA-methylation.parquet	/content/TCGA1/TCGA-LUAD/548b0b68-ff45-4d45-adbe-984259e4a68b/mirna-seq.parquet
54a0e4d7-c274-4569-9c25-45bbe26d7f21	TCGA-LUAD	/content/TCGA1/TCGA-LUAD/54a0e4d7-c274-4569-9c25-45bbe26d7f21/RNA-seq.parquet	/content/TCGA1/TCGA-LUAD/54a0e4d7-c274-4569-9c25-45bbe26d7f21/DNA-methylation.parquet	/content/TCGA1/TCGA-LUAD/54a0e4d7-c274-4569-9c25-45bbe26d7f21/mirna-seq.parquet
54a9cc9e-3eee-4caa-9f33-4ea64a2999ba	TCGA-LUAD	/content/TCGA1/TCGA-LUAD/54a9cc9e-3eee-4caa-9f33-4ea64a2999ba/RNA-seq.parquet	/content/TCGA1/TCGA-LUAD/54a9cc9e-3eee-4caa-9f33-4ea64a2999ba/DNA-methylation.parquet	/content/TCGA1/TCGA-LUAD/54a9cc9e-3eee-4caa-9f33-4ea64a2999ba/mirna-seq.parquet
54e90433-5218-4d83-848f-f995ecba2a63	TCGA-LUAD	/content/TCGA1/TCGA-LUAD/54e90433-5218-4d83-848f-f995ecba2a63/RNA-seq.parquet	/content/TCGA1/TCGA-LUAD/54e90433-5218-4d83-848f-f995ecba2a63/DNA-methylation.parquet	/content/TCGA1/TCGA-LUAD/54e90433-5218-4d83-848f-f995ecba2a63/mirna-seq.parquet
5510ad32-62fd-4adc-964a-ae4e997c2f4b	TCGA-LUAD	/content/TCGA1/TCGA-LUAD/5510ad32-62fd-4adc-964a-ae4e997c2f4b/RNA-seq.parquet	/content/TCGA1/TCGA-LUAD/5510ad32-62fd-4adc-964a-ae4e997c2f4b/DNA-methylation.parquet	/content/TCGA1/TCGA-LUAD/5510ad32-62fd-4adc-964a-ae4e997c2f4b/mirna-seq.parquet
552712d3-da16-441e-ba93-11810793d598	TCGA-LUAD	/content/TCGA1/TCGA-LUAD/552712d3-da16-441e-ba93-11810793d598/RNA-seq.parquet	/content/TCGA1/TCGA-LUAD/552712d3-da16-441e-ba93-11810793d598/DNA-methylation.parquet	/content/TCGA1/TCGA-LUAD/552712d3-da16-441e-ba93-11810793d598/mirna-seq.parquet
562a562b-ca03-44ac-b282-b51b457d8dae	TCGA-LUAD	/content/TCGA1/TCGA-LUAD/562a562b-ca03-44ac-b282-b51b457d8dae/RNA-seq.parquet	/content/TCGA1/TCGA-LUAD/562a562b-ca03-44ac-b282-b51b457d8dae/DNA-methylation.parquet	/content/TCGA1/TCGA-LUAD/562a562b-ca03-44ac-b282-b51b457d8dae/mirna-seq.parquet
575752f8-2788-43cd-afde-f0f600f39d18	TCGA-LUAD	/content/TCGA1/TCGA-LUAD/575752f8-2788-43cd-afde-f0f600f39d18/RNA-seq.parquet	/content/TCGA1/TCGA-LUAD/575752f8-2788-43cd-afde-f0f600f39d18/DNA-methylation.parquet	/content/TCGA1/TCGA-LUAD/575752f8-2788-43cd-afde-f0f600f39d18/mirna-seq.parquet
5813997a-d7dc-4f7c-8d4b-e979832168a9	TCGA-LUAD	/content/TCGA1/TCGA-LUAD/5813997a-d7dc-4f7c-8d4b-e979832168a9/RNA-seq.parquet	/content/TCGA1/TCGA-LUAD/5813997a-d7dc-4f7c-8d4b-e979832168a9/DNA-methylation.parquet	/content/TCGA1/TCGA-LUAD/5813997a-d7dc-4f7c-8d4b-e979832168a9/mirna-seq.parquet
58babefe-7e81-4594-ba29-50d1de92a5ab	TCGA-LUAD	/content/TCGA1/TCGA-LUAD/58babefe-7e81-4594-ba29-50d1de92a5ab/RNA-seq.parquet	/content/TCGA1/TCGA-LUAD/58babefe-7e81-4594-ba29-50d1de92a5ab/DNA-methylation.parquet	/content/TCGA1/TCGA-LUAD/58babefe-7e81-4594-ba29-50d1de92a5ab/mirna-seq.parquet
591c068f-bbb1-4df2-9abb-d1a2e4a58372	TCGA-LUAD	/content/TCGA1/TCGA-LUAD/591c068f-bbb1-4df2-9abb-d1a2e4a58372/RNA-seq.parquet	/content/TCGA1/TCGA-LUAD/591c068f-bbb1-4df2-9abb-d1a2e4a58372/DNA-methylation.parquet	/content/TCGA1/TCGA-LUAD/591c068f-bbb1-4df2-9abb-d1a2e4a58372/mirna-seq.parquet
595fc3ad-f603-421b-b130-52f1f617050b	TCGA-LUAD	/content/TCGA1/TCGA-LUAD/595fc3ad-f603-421b-b130-52f1f617050b/RNA-seq.parquet	/content/TCGA1/TCGA-LUAD/595fc3ad-f603-421b-b130-52f1f617050b/DNA-methylation.parquet	/content/TCGA1/TCGA-LUAD/595fc3ad-f603-421b-b130-52f1f617050b/mirna-seq.parquet
5a2f8140-8f90-4e94-b703-5fa5aa96be7b	TCGA-LUAD	/content/TCGA1/TCGA-LUAD/5a2f8140-8f90-4e94-b703-5fa5aa96be7b/RNA-seq.parquet	/content/TCGA1/TCGA-LUAD/5a2f8140-8f90-4e94-b703-5fa5aa96be7b/DNA-methylation.parquet	/content/TCGA1/TCGA-LUAD/5a2f8140-8f90-4e94-b703-5fa5aa96be7b/mirna-seq.parquet
5abd6651-69be-42f8-bdc0-308e68136d31	TCGA-LUAD	/content/TCGA1/TCGA-LUAD/5abd6651-69be-42f8-bdc0-308e68136d31/RNA-seq.parquet	/content/TCGA1/TCGA-LUAD/5abd6651-69be-42f8-bdc0-308e68136d31/DNA-methylation.parquet	/content/TCGA1/TCGA-LUAD/5abd6651-69be-42f8-bdc0-308e68136d31/mirna-seq.parquet
5ace9608-d38a-42f2-a877-ec7c9d211808	TCGA-LUAD	/content/TCGA1/TCGA-LUAD/5ace9608-d38a-42f2-a877-ec7c9d211808/RNA-seq.parquet	/content/TCGA1/TCGA-LUAD/5ace9608-d38a-42f2-a877-ec7c9d211808/DNA-methylation.parquet	/content/TCGA1/TCGA-LUAD/5ace9608-d38a-42f2-a877-ec7c9d211808/mirna-seq.parquet
5af499be-d2b9-4eaf-9a9f-435dccb51917	TCGA-LUAD	/content/TCGA1/TCGA-LUAD/5af499be-d2b9-4eaf-9a9f-435dccb51917/RNA-seq.parquet	/content/TCGA1/TCGA-LUAD/5af499be-d2b9-4eaf-9a9f-435dccb51917/DNA-methylation.parquet	/content/TCGA1/TCGA-LUAD/5af499be-d2b9-4eaf-9a9f-435dccb51917/mirna-seq.parquet
5c06d97f-2aaa-43de-b085-09d7829356ba	TCGA-LUAD	/content/TCGA1/TCGA-LUAD/5c06d97f-2aaa-43de-b085-09d7829356ba/RNA-seq.parquet	/content/TCGA1/TCGA-LUAD/5c06d97f-2aaa-43de-b085-09d7829356ba/DNA-methylation.parquet	/content/TCGA1/TCGA-LUAD/5c06d97f-2aaa-43de-b085-09d7829356ba/mirna-seq.parquet
5c266025-e590-457c-af86-4c2dc9797267	TCGA-LUAD	/content/TCGA1/TCGA-LUAD/5c266025-e590-457c-af86-4c2dc9797267/RNA-seq.parquet	/content/TCGA1/TCGA-LUAD/5c266025-e590-457c-af86-4c2dc9797267/DNA-methylation.parquet	/content/TCGA1/TCGA-LUAD/5c266025-e590-457c-af86-4c2dc9797267/mirna-seq.parquet
5d2a9a4f-678d-4089-a8c5-81a5cb696629	TCGA-LUAD	/content/TCGA1/TCGA-LUAD/5d2a9a4f-678d-4089-a8c5-81a5cb696629/RNA-seq.parquet	/content/TCGA1/TCGA-LUAD/5d2a9a4f-678d-4089-a8c5-81a5cb696629/DNA-methylation.parquet	/content/TCGA1/TCGA-LUAD/5d2a9a4f-678d-4089-a8c5-81a5cb696629/mirna-seq.parquet
5d5cc436-6e57-4d23-a164-7f5153c2e666	TCGA-LUAD	/content/TCGA1/TCGA-LUAD/5d5cc436-6e57-4d23-a164-7f5153c2e666/RNA-seq.parquet	/content/TCGA1/TCGA-LUAD/5d5cc436-6e57-4d23-a164-7f5153c2e666/DNA-methylation.parquet	/content/TCGA1/TCGA-LUAD/5d5cc436-6e57-4d23-a164-7f5153c2e666/mirna-seq.parquet
5d7ec32a-049f-4997-9882-1b3ac157e02d	TCGA-LUAD	/content/TCGA1/TCGA-LUAD/5d7ec32a-049f-4997-9882-1b3ac157e02d/RNA-seq.parquet	/content/TCGA1/TCGA-LUAD/5d7ec32a-049f-4997-9882-1b3ac157e02d/DNA-methylation.parquet	/content/TCGA1/TCGA-LUAD/5d7ec32a-049f-4997-9882-1b3ac157e02d/mirna-seq.parquet
5f4934be-eee3-40e1-8838-38103badc898	TCGA-LUAD	/content/TCGA1/TCGA-LUAD/5f4934be-eee3-40e1-8838-38103badc898/RNA-seq.parquet	/content/TCGA1/TCGA-LUAD/5f4934be-eee3-40e1-8838-38103badc898/DNA-methylation.parquet	/content/TCGA1/TCGA-LUAD/5f4934be-eee3-40e1-8838-38103badc898/mirna-seq.parquet
5fd0f07b-8bb9-4378-bd26-28a26057e8fe	TCGA-LUAD	/content/TCGA1/TCGA-LUAD/5fd0f07b-8bb9-4378-bd26-28a26057e8fe/RNA-seq.parquet	/content/TCGA1/TCGA-LUAD/5fd0f07b-8bb9-4378-bd26-28a26057e8fe/DNA-methylation.parquet	/content/TCGA1/TCGA-LUAD/5fd0f07b-8bb9-4378-bd26-28a26057e8fe/mirna-seq.parquet
5fe77d4a-a8a5-4c90-8ff2-9c3bbbb309ef	TCGA-LUAD	/content/TCGA1/TCGA-LUAD/5fe77d4a-a8a5-4c90-8ff2-9c3bbbb309ef/RNA-seq.parquet	/content/TCGA1/TCGA-LUAD/5fe77d4a-a8a5-4c90-8ff2-9c3bbbb309ef/DNA-methylation.parquet	/content/TCGA1/TCGA-LUAD/5fe77d4a-a8a5-4c90-8ff2-9c3bbbb309ef/mirna-seq.parquet
6092bd5c-e97c-4a77-a4ad-c87623b17507	TCGA-LUAD	/content/TCGA1/TCGA-LUAD/6092bd5c-e97c-4a77-a4ad-c87623b17507/RNA-seq.parquet	/content/TCGA1/TCGA-LUAD/6092bd5c-e97c-4a77-a4ad-c87623b17507/DNA-methylation.parquet	/content/TCGA1/TCGA-LUAD/6092bd5c-e97c-4a77-a4ad-c87623b17507/mirna-seq.parquet
6144d666-8f77-4efe-95f1-f9e5c4e5e056	TCGA-LUAD	/content/TCGA1/TCGA-LUAD/6144d666-8f77-4efe-95f1-f9e5c4e5e056/RNA-seq.parquet	/content/TCGA1/TCGA-LUAD/6144d666-8f77-4efe-95f1-f9e5c4e5e056/DNA-methylation.parquet	/content/TCGA1/TCGA-LUAD/6144d666-8f77-4efe-95f1-f9e5c4e5e056/mirna-seq.parquet
61c655ec-52b5-453f-a6cc-b2aba445b027	TCGA-LUAD	/content/TCGA1/TCGA-LUAD/61c655ec-52b5-453f-a6cc-b2aba445b027/RNA-seq.parquet		/content/TCGA1/TCGA-LUAD/61c655ec-52b5-453f-a6cc-b2aba445b027/mirna-seq.parquet
62380447-3b94-4e7c-823a-72dd7b4ccf3a	TCGA-LUAD	/content/TCGA1/TCGA-LUAD/62380447-3b94-4e7c-823a-72dd7b4ccf3a/RNA-seq.parquet	/content/TCGA1/TCGA-LUAD/62380447-3b94-4e7c-823a-72dd7b4ccf3a/DNA-methylation.parquet	/content/TCGA1/TCGA-LUAD/62380447-3b94-4e7c-823a-72dd7b4ccf3a/mirna-seq.parquet
63bd2175-4b7c-44c9-aef3-9efc8f79837b	TCGA-LUAD	/content/TCGA1/TCGA-LUAD/63bd2175-4b7c-44c9-aef3-9efc8f79837b/RNA-seq.parquet	/content/TCGA1/TCGA-LUAD/63bd2175-4b7c-44c9-aef3-9efc8f79837b/DNA-methylation.parquet	/content/TCGA1/TCGA-LUAD/63bd2175-4b7c-44c9-aef3-9efc8f79837b/mirna-seq.parquet
645903b5-ba37-48a1-985b-a019b8db3236	TCGA-LUAD	/content/TCGA1/TCGA-LUAD/645903b5-ba37-48a1-985b-a019b8db3236/RNA-seq.parquet	/content/TCGA1/TCGA-LUAD/645903b5-ba37-48a1-985b-a019b8db3236/DNA-methylation.parquet	/content/TCGA1/TCGA-LUAD/645903b5-ba37-48a1-985b-a019b8db3236/mirna-seq.parquet
646910ee-5f5d-40ac-a21a-75790f89430a	TCGA-LUAD	/content/TCGA1/TCGA-LUAD/646910ee-5f5d-40ac-a21a-75790f89430a/RNA-seq.parquet	/content/TCGA1/TCGA-LUAD/646910ee-5f5d-40ac-a21a-75790f89430a/DNA-methylation.parquet	/content/TCGA1/TCGA-LUAD/646910ee-5f5d-40ac-a21a-75790f89430a/mirna-seq.parquet
656a5eb4-e4a5-4d21-a800-3586f4d6588b	TCGA-LUAD	/content/TCGA1/TCGA-LUAD/656a5eb4-e4a5-4d21-a800-3586f4d6588b/RNA-seq.parquet	/content/TCGA1/TCGA-LUAD/656a5eb4-e4a5-4d21-a800-3586f4d6588b/DNA-methylation.parquet	/content/TCGA1/TCGA-LUAD/656a5eb4-e4a5-4d21-a800-3586f4d6588b/mirna-seq.parquet
659668e8-f0d9-4ff2-bbc8-9246f2ef49ab	TCGA-LUAD	/content/TCGA1/TCGA-LUAD/659668e8-f0d9-4ff2-bbc8-9246f2ef49ab/RNA-seq.parquet	/content/TCGA1/TCGA-LUAD/659668e8-f0d9-4ff2-bbc8-9246f2ef49ab/DNA-methylation.parquet	/content/TCGA1/TCGA-LUAD/659668e8-f0d9-4ff2-bbc8-9246f2ef49ab/mirna-seq.parquet
66763a0c-6cda-4832-a0cc-e7b496d78eaa	TCGA-LUAD	/content/TCGA1/TCGA-LUAD/66763a0c-6cda-4832-a0cc-e7b496d78eaa/RNA-seq.parquet	/content/TCGA1/TCGA-LUAD/66763a0c-6cda-4832-a0cc-e7b496d78eaa/DNA-methylation.parquet	/content/TCGA1/TCGA-LUAD/66763a0c-6cda-4832-a0cc-e7b496d78eaa/mirna-seq.parquet
66ed89f6-8ba2-49d0-af0f-4b6ebf2381bf	TCGA-LUAD	/content/TCGA1/TCGA-LUAD/66ed89f6-8ba2-49d0-af0f-4b6ebf2381bf/RNA-seq.parquet		/content/TCGA1/TCGA-LUAD/66ed89f6-8ba2-49d0-af0f-4b6ebf2381bf/mirna-seq.parquet
673493f6-975c-49e8-934c-001e9a0fff90	TCGA-LUAD	/content/TCGA1/TCGA-LUAD/673493f6-975c-49e8-934c-001e9a0fff90/RNA-seq.parquet		/content/TCGA1/TCGA-LUAD/673493f6-975c-49e8-934c-001e9a0fff90/mirna-seq.parquet
67a2bc21-7c87-4678-997d-a434de672436	TCGA-LUAD	/content/TCGA1/TCGA-LUAD/67a2bc21-7c87-4678-997d-a434de672436/RNA-seq.parquet	/content/TCGA1/TCGA-LUAD/67a2bc21-7c87-4678-997d-a434de672436/DNA-methylation.parquet	/content/TCGA1/TCGA-LUAD/67a2bc21-7c87-4678-997d-a434de672436/mirna-seq.parquet
67dbe286-edb3-4d07-8f74-9e5254f01945	TCGA-LUAD	/content/TCGA1/TCGA-LUAD/67dbe286-edb3-4d07-8f74-9e5254f01945/RNA-seq.parquet	/content/TCGA1/TCGA-LUAD/67dbe286-edb3-4d07-8f74-9e5254f01945/DNA-methylation.parquet	/content/TCGA1/TCGA-LUAD/67dbe286-edb3-4d07-8f74-9e5254f01945/mirna-seq.parquet
67fa3e41-c7c6-44c5-9e67-6bcb2715aacc	TCGA-LUAD	/content/TCGA1/TCGA-LUAD/67fa3e41-c7c6-44c5-9e67-6bcb2715aacc/RNA-seq.parquet	/content/TCGA1/TCGA-LUAD/67fa3e41-c7c6-44c5-9e67-6bcb2715aacc/DNA-methylation.parquet	/content/TCGA1/TCGA-LUAD/67fa3e41-c7c6-44c5-9e67-6bcb2715aacc/mirna-seq.parquet
681b1176-9676-44d3-892c-1d5dba1ce25b	TCGA-LUAD	/content/TCGA1/TCGA-LUAD/681b1176-9676-44d3-892c-1d5dba1ce25b/RNA-seq.parquet	/content/TCGA1/TCGA-LUAD/681b1176-9676-44d3-892c-1d5dba1ce25b/DNA-methylation.parquet	/content/TCGA1/TCGA-LUAD/681b1176-9676-44d3-892c-1d5dba1ce25b/mirna-seq.parquet
6845099a-b2c9-48d8-b856-9903d39bb92e	TCGA-LUAD	/content/TCGA1/TCGA-LUAD/6845099a-b2c9-48d8-b856-9903d39bb92e/RNA-seq.parquet	/content/TCGA1/TCGA-LUAD/6845099a-b2c9-48d8-b856-9903d39bb92e/DNA-methylation.parquet	/content/TCGA1/TCGA-LUAD/6845099a-b2c9-48d8-b856-9903d39bb92e/mirna-seq.parquet
68b86559-38b2-41f2-b66e-c3c2b628b14d	TCGA-LUAD	/content/TCGA1/TCGA-LUAD/68b86559-38b2-41f2-b66e-c3c2b628b14d/RNA-seq.parquet	/content/TCGA1/TCGA-LUAD/68b86559-38b2-41f2-b66e-c3c2b628b14d/DNA-methylation.parquet	/content/TCGA1/TCGA-LUAD/68b86559-38b2-41f2-b66e-c3c2b628b14d/mirna-seq.parquet
69584d55-18f7-4786-b3cc-cd528500be44	TCGA-LUAD	/content/TCGA1/TCGA-LUAD/69584d55-18f7-4786-b3cc-cd528500be44/RNA-seq.parquet	/content/TCGA1/TCGA-LUAD/69584d55-18f7-4786-b3cc-cd528500be44/DNA-methylation.parquet	/content/TCGA1/TCGA-LUAD/69584d55-18f7-4786-b3cc-cd528500be44/mirna-seq.parquet
69b23036-add9-42c9-941f-02fb74d9b08c	TCGA-LUAD	/content/TCGA1/TCGA-LUAD/69b23036-add9-42c9-941f-02fb74d9b08c/RNA-seq.parquet	/content/TCGA1/TCGA-LUAD/69b23036-add9-42c9-941f-02fb74d9b08c/DNA-methylation.parquet	/content/TCGA1/TCGA-LUAD/69b23036-add9-42c9-941f-02fb74d9b08c/mirna-seq.parquet
69dba721-a168-47a4-b7ff-80a448bad654	TCGA-LUAD	/content/TCGA1/TCGA-LUAD/69dba721-a168-47a4-b7ff-80a448bad654/RNA-seq.parquet	/content/TCGA1/TCGA-LUAD/69dba721-a168-47a4-b7ff-80a448bad654/DNA-methylation.parquet	/content/TCGA1/TCGA-LUAD/69dba721-a168-47a4-b7ff-80a448bad654/mirna-seq.parquet
6bffe800-ec2b-4638-9333-97fe85dcd91c	TCGA-LUAD	/content/TCGA1/TCGA-LUAD/6bffe800-ec2b-4638-9333-97fe85dcd91c/RNA-seq.parquet	/content/TCGA1/TCGA-LUAD/6bffe800-ec2b-4638-9333-97fe85dcd91c/DNA-methylation.parquet	/content/TCGA1/TCGA-LUAD/6bffe800-ec2b-4638-9333-97fe85dcd91c/mirna-seq.parquet
6c3655ca-8ae7-4ad7-b3e4-0c3ec293fba7	TCGA-LUAD	/content/TCGA1/TCGA-LUAD/6c3655ca-8ae7-4ad7-b3e4-0c3ec293fba7/RNA-seq.parquet	/content/TCGA1/TCGA-LUAD/6c3655ca-8ae7-4ad7-b3e4-0c3ec293fba7/DNA-methylation.parquet	/content/TCGA1/TCGA-LUAD/6c3655ca-8ae7-4ad7-b3e4-0c3ec293fba7/mirna-seq.parquet
6cf49cf0-de4c-4c90-8358-eae19c6206b0	TCGA-LUAD	/content/TCGA1/TCGA-LUAD/6cf49cf0-de4c-4c90-8358-eae19c6206b0/RNA-seq.parquet		/content/TCGA1/TCGA-LUAD/6cf49cf0-de4c-4c90-8358-eae19c6206b0/mirna-seq.parquet
6d72de06-232a-4983-a06c-eba6d82cb3f1	TCGA-LUAD	/content/TCGA1/TCGA-LUAD/6d72de06-232a-4983-a06c-eba6d82cb3f1/RNA-seq.parquet		/content/TCGA1/TCGA-LUAD/6d72de06-232a-4983-a06c-eba6d82cb3f1/mirna-seq.parquet
6d96a298-be5a-4e14-afe8-ca4b6ca298d6	TCGA-LUAD	/content/TCGA1/TCGA-LUAD/6d96a298-be5a-4e14-afe8-ca4b6ca298d6/RNA-seq.parquet	/content/TCGA1/TCGA-LUAD/6d96a298-be5a-4e14-afe8-ca4b6ca298d6/DNA-methylation.parquet	/content/TCGA1/TCGA-LUAD/6d96a298-be5a-4e14-afe8-ca4b6ca298d6/mirna-seq.parquet
6dfd47d2-831a-4386-9051-f78199a16bb5	TCGA-LUAD	/content/TCGA1/TCGA-LUAD/6dfd47d2-831a-4386-9051-f78199a16bb5/RNA-seq.parquet		/content/TCGA1/TCGA-LUAD/6dfd47d2-831a-4386-9051-f78199a16bb5/mirna-seq.parquet
6e3b6b72-142d-4b8d-a462-28a205796e41	TCGA-LUAD	/content/TCGA1/TCGA-LUAD/6e3b6b72-142d-4b8d-a462-28a205796e41/RNA-seq.parquet	/content/TCGA1/TCGA-LUAD/6e3b6b72-142d-4b8d-a462-28a205796e41/DNA-methylation.parquet	/content/TCGA1/TCGA-LUAD/6e3b6b72-142d-4b8d-a462-28a205796e41/mirna-seq.parquet
6ee9caec-65ac-46db-9426-ffaa31967ae2	TCGA-LUAD	/content/TCGA1/TCGA-LUAD/6ee9caec-65ac-46db-9426-ffaa31967ae2/RNA-seq.parquet	/content/TCGA1/TCGA-LUAD/6ee9caec-65ac-46db-9426-ffaa31967ae2/DNA-methylation.parquet	/content/TCGA1/TCGA-LUAD/6ee9caec-65ac-46db-9426-ffaa31967ae2/mirna-seq.parquet
70081320-540f-41d2-8687-ee6d011f8eb0	TCGA-LUAD	/content/TCGA1/TCGA-LUAD/70081320-540f-41d2-8687-ee6d011f8eb0/RNA-seq.parquet	/content/TCGA1/TCGA-LUAD/70081320-540f-41d2-8687-ee6d011f8eb0/DNA-methylation.parquet	/content/TCGA1/TCGA-LUAD/70081320-540f-41d2-8687-ee6d011f8eb0/mirna-seq.parquet
706420c4-8820-4b41-80d9-f3efd1d2a4f0	TCGA-LUAD	/content/TCGA1/TCGA-LUAD/706420c4-8820-4b41-80d9-f3efd1d2a4f0/RNA-seq.parquet	/content/TCGA1/TCGA-LUAD/706420c4-8820-4b41-80d9-f3efd1d2a4f0/DNA-methylation.parquet	/content/TCGA1/TCGA-LUAD/706420c4-8820-4b41-80d9-f3efd1d2a4f0/mirna-seq.parquet
7093024b-cf56-4783-b973-b72573ed7f2b	TCGA-LUAD	/content/TCGA1/TCGA-LUAD/7093024b-cf56-4783-b973-b72573ed7f2b/RNA-seq.parquet	/content/TCGA1/TCGA-LUAD/7093024b-cf56-4783-b973-b72573ed7f2b/DNA-methylation.parquet	/content/TCGA1/TCGA-LUAD/7093024b-cf56-4783-b973-b72573ed7f2b/mirna-seq.parquet
7099597a-b208-45b5-b9e0-11ab40d5e497	TCGA-LUAD	/content/TCGA1/TCGA-LUAD/7099597a-b208-45b5-b9e0-11ab40d5e497/RNA-seq.parquet	/content/TCGA1/TCGA-LUAD/7099597a-b208-45b5-b9e0-11ab40d5e497/DNA-methylation.parquet	
722d6818-f1cb-49f4-b68a-fd0a31304681	TCGA-LUAD	/content/TCGA1/TCGA-LUAD/722d6818-f1cb-49f4-b68a-fd0a31304681/RNA-seq.parquet		/content/TCGA1/TCGA-LUAD/722d6818-f1cb-49f4-b68a-fd0a31304681/mirna-seq.parquet
742e0e32-25b5-4d41-8bf5-364b571cfd93	TCGA-LUAD	/content/TCGA1/TCGA-LUAD/742e0e32-25b5-4d41-8bf5-364b571cfd93/RNA-seq.parquet	/content/TCGA1/TCGA-LUAD/742e0e32-25b5-4d41-8bf5-364b571cfd93/DNA-methylation.parquet	/content/TCGA1/TCGA-LUAD/742e0e32-25b5-4d41-8bf5-364b571cfd93/mirna-seq.parquet
75589307-f141-4d0d-b35d-adbbc77b3dec	TCGA-LUAD	/content/TCGA1/TCGA-LUAD/75589307-f141-4d0d-b35d-adbbc77b3dec/RNA-seq.parquet	/content/TCGA1/TCGA-LUAD/75589307-f141-4d0d-b35d-adbbc77b3dec/DNA-methylation.parquet	/content/TCGA1/TCGA-LUAD/75589307-f141-4d0d-b35d-adbbc77b3dec/mirna-seq.parquet
75a0bb0b-6528-4fb8-a9e6-254905d21df4	TCGA-LUAD	/content/TCGA1/TCGA-LUAD/75a0bb0b-6528-4fb8-a9e6-254905d21df4/RNA-seq.parquet	/content/TCGA1/TCGA-LUAD/75a0bb0b-6528-4fb8-a9e6-254905d21df4/DNA-methylation.parquet	/content/TCGA1/TCGA-LUAD/75a0bb0b-6528-4fb8-a9e6-254905d21df4/mirna-seq.parquet
75dd635e-8e0c-4c0b-b21c-20f77770218d	TCGA-LUAD	/content/TCGA1/TCGA-LUAD/75dd635e-8e0c-4c0b-b21c-20f77770218d/RNA-seq.parquet	/content/TCGA1/TCGA-LUAD/75dd635e-8e0c-4c0b-b21c-20f77770218d/DNA-methylation.parquet	/content/TCGA1/TCGA-LUAD/75dd635e-8e0c-4c0b-b21c-20f77770218d/mirna-seq.parquet
762dea8a-5b41-4058-979a-b7876ed13d7e	TCGA-LUAD	/content/TCGA1/TCGA-LUAD/762dea8a-5b41-4058-979a-b7876ed13d7e/RNA-seq.parquet		/content/TCGA1/TCGA-LUAD/762dea8a-5b41-4058-979a-b7876ed13d7e/mirna-seq.parquet
765ad5a5-134b-4680-a6d4-1dd113dc47cc	TCGA-LUAD	/content/TCGA1/TCGA-LUAD/765ad5a5-134b-4680-a6d4-1dd113dc47cc/RNA-seq.parquet	/content/TCGA1/TCGA-LUAD/765ad5a5-134b-4680-a6d4-1dd113dc47cc/DNA-methylation.parquet	/content/TCGA1/TCGA-LUAD/765ad5a5-134b-4680-a6d4-1dd113dc47cc/mirna-seq.parquet
772324a5-5513-454d-ad6b-605798f69b73	TCGA-LUAD	/content/TCGA1/TCGA-LUAD/772324a5-5513-454d-ad6b-605798f69b73/RNA-seq.parquet	/content/TCGA1/TCGA-LUAD/772324a5-5513-454d-ad6b-605798f69b73/DNA-methylation.parquet	/content/TCGA1/TCGA-LUAD/772324a5-5513-454d-ad6b-605798f69b73/mirna-seq.parquet
77828a90-8e2a-4664-b674-d837e6e34fe4	TCGA-LUAD	/content/TCGA1/TCGA-LUAD/77828a90-8e2a-4664-b674-d837e6e34fe4/RNA-seq.parquet	/content/TCGA1/TCGA-LUAD/77828a90-8e2a-4664-b674-d837e6e34fe4/DNA-methylation.parquet	/content/TCGA1/TCGA-LUAD/77828a90-8e2a-4664-b674-d837e6e34fe4/mirna-seq.parquet
7782ceaa-da49-4232-8b3f-534971adaad8	TCGA-LUAD	/content/TCGA1/TCGA-LUAD/7782ceaa-da49-4232-8b3f-534971adaad8/RNA-seq.parquet	/content/TCGA1/TCGA-LUAD/7782ceaa-da49-4232-8b3f-534971adaad8/DNA-methylation.parquet	/content/TCGA1/TCGA-LUAD/7782ceaa-da49-4232-8b3f-534971adaad8/mirna-seq.parquet
77c4dbb2-eceb-4e0d-bcde-63dc817d5f35	TCGA-LUAD	/content/TCGA1/TCGA-LUAD/77c4dbb2-eceb-4e0d-bcde-63dc817d5f35/RNA-seq.parquet	/content/TCGA1/TCGA-LUAD/77c4dbb2-eceb-4e0d-bcde-63dc817d5f35/DNA-methylation.parquet	/content/TCGA1/TCGA-LUAD/77c4dbb2-eceb-4e0d-bcde-63dc817d5f35/mirna-seq.parquet
77f8c850-b4e6-46a1-ab12-a50e0044a0c8	TCGA-LUAD	/content/TCGA1/TCGA-LUAD/77f8c850-b4e6-46a1-ab12-a50e0044a0c8/RNA-seq.parquet	/content/TCGA1/TCGA-LUAD/77f8c850-b4e6-46a1-ab12-a50e0044a0c8/DNA-methylation.parquet	/content/TCGA1/TCGA-LUAD/77f8c850-b4e6-46a1-ab12-a50e0044a0c8/mirna-seq.parquet
781f40c9-c099-4c96-8269-ebe2a449c93d	TCGA-LUAD	/content/TCGA1/TCGA-LUAD/781f40c9-c099-4c96-8269-ebe2a449c93d/RNA-seq.parquet	/content/TCGA1/TCGA-LUAD/781f40c9-c099-4c96-8269-ebe2a449c93d/DNA-methylation.parquet	/content/TCGA1/TCGA-LUAD/781f40c9-c099-4c96-8269-ebe2a449c93d/mirna-seq.parquet
78a24c56-576c-4245-bb42-6603b3d19897	TCGA-LUAD	/content/TCGA1/TCGA-LUAD/78a24c56-576c-4245-bb42-6603b3d19897/RNA-seq.parquet	/content/TCGA1/TCGA-LUAD/78a24c56-576c-4245-bb42-6603b3d19897/DNA-methylation.parquet	/content/TCGA1/TCGA-LUAD/78a24c56-576c-4245-bb42-6603b3d19897/mirna-seq.parquet
78ae716b-0ca5-4c01-a053-d41288385fcd	TCGA-LUAD	/content/TCGA1/TCGA-LUAD/78ae716b-0ca5-4c01-a053-d41288385fcd/RNA-seq.parquet	/content/TCGA1/TCGA-LUAD/78ae716b-0ca5-4c01-a053-d41288385fcd/DNA-methylation.parquet	/content/TCGA1/TCGA-LUAD/78ae716b-0ca5-4c01-a053-d41288385fcd/mirna-seq.parquet
793649e5-f479-4d64-8723-2ef488fe0fd9	TCGA-LUAD	/content/TCGA1/TCGA-LUAD/793649e5-f479-4d64-8723-2ef488fe0fd9/RNA-seq.parquet	/content/TCGA1/TCGA-LUAD/793649e5-f479-4d64-8723-2ef488fe0fd9/DNA-methylation.parquet	/content/TCGA1/TCGA-LUAD/793649e5-f479-4d64-8723-2ef488fe0fd9/mirna-seq.parquet
7a0ea814-f0de-4bc4-a81a-daa000559369	TCGA-LUAD	/content/TCGA1/TCGA-LUAD/7a0ea814-f0de-4bc4-a81a-daa000559369/RNA-seq.parquet	/content/TCGA1/TCGA-LUAD/7a0ea814-f0de-4bc4-a81a-daa000559369/DNA-methylation.parquet	/content/TCGA1/TCGA-LUAD/7a0ea814-f0de-4bc4-a81a-daa000559369/mirna-seq.parquet
7a111b4f-46e9-4e34-8024-0b9fdc5cbcd8	TCGA-LUAD	/content/TCGA1/TCGA-LUAD/7a111b4f-46e9-4e34-8024-0b9fdc5cbcd8/RNA-seq.parquet	/content/TCGA1/TCGA-LUAD/7a111b4f-46e9-4e34-8024-0b9fdc5cbcd8/DNA-methylation.parquet	/content/TCGA1/TCGA-LUAD/7a111b4f-46e9-4e34-8024-0b9fdc5cbcd8/mirna-seq.parquet
7b0622ab-63ea-483f-ae40-d3ea587bdbba	TCGA-LUAD	/content/TCGA1/TCGA-LUAD/7b0622ab-63ea-483f-ae40-d3ea587bdbba/RNA-seq.parquet	/content/TCGA1/TCGA-LUAD/7b0622ab-63ea-483f-ae40-d3ea587bdbba/DNA-methylation.parquet	/content/TCGA1/TCGA-LUAD/7b0622ab-63ea-483f-ae40-d3ea587bdbba/mirna-seq.parquet
7b89166e-c5b8-481b-aa70-495141499b91	TCGA-LUAD	/content/TCGA1/TCGA-LUAD/7b89166e-c5b8-481b-aa70-495141499b91/RNA-seq.parquet	/content/TCGA1/TCGA-LUAD/7b89166e-c5b8-481b-aa70-495141499b91/DNA-methylation.parquet	/content/TCGA1/TCGA-LUAD/7b89166e-c5b8-481b-aa70-495141499b91/mirna-seq.parquet
7b9479ff-23d6-4689-91f0-02efc94300f9	TCGA-LUAD	/content/TCGA1/TCGA-LUAD/7b9479ff-23d6-4689-91f0-02efc94300f9/RNA-seq.parquet	/content/TCGA1/TCGA-LUAD/7b9479ff-23d6-4689-91f0-02efc94300f9/DNA-methylation.parquet	/content/TCGA1/TCGA-LUAD/7b9479ff-23d6-4689-91f0-02efc94300f9/mirna-seq.parquet
7be86a90-6da8-4c01-8a7a-bc5cfef9894f	TCGA-LUAD	/content/TCGA1/TCGA-LUAD/7be86a90-6da8-4c01-8a7a-bc5cfef9894f/RNA-seq.parquet	/content/TCGA1/TCGA-LUAD/7be86a90-6da8-4c01-8a7a-bc5cfef9894f/DNA-methylation.parquet	/content/TCGA1/TCGA-LUAD/7be86a90-6da8-4c01-8a7a-bc5cfef9894f/mirna-seq.parquet
7c4ed533-ee66-48be-a84b-ff8607742818	TCGA-LUAD	/content/TCGA1/TCGA-LUAD/7c4ed533-ee66-48be-a84b-ff8607742818/RNA-seq.parquet	/content/TCGA1/TCGA-LUAD/7c4ed533-ee66-48be-a84b-ff8607742818/DNA-methylation.parquet	/content/TCGA1/TCGA-LUAD/7c4ed533-ee66-48be-a84b-ff8607742818/mirna-seq.parquet
7c7d777b-bf00-4c24-97fc-922580d5605f	TCGA-LUAD	/content/TCGA1/TCGA-LUAD/7c7d777b-bf00-4c24-97fc-922580d5605f/RNA-seq.parquet	/content/TCGA1/TCGA-LUAD/7c7d777b-bf00-4c24-97fc-922580d5605f/DNA-methylation.parquet	/content/TCGA1/TCGA-LUAD/7c7d777b-bf00-4c24-97fc-922580d5605f/mirna-seq.parquet
7ca711ec-9ac0-4fa7-8a60-32ae84b8789a	TCGA-LUAD	/content/TCGA1/TCGA-LUAD/7ca711ec-9ac0-4fa7-8a60-32ae84b8789a/RNA-seq.parquet	/content/TCGA1/TCGA-LUAD/7ca711ec-9ac0-4fa7-8a60-32ae84b8789a/DNA-methylation.parquet	/content/TCGA1/TCGA-LUAD/7ca711ec-9ac0-4fa7-8a60-32ae84b8789a/mirna-seq.parquet
7cce924f-12a1-4895-9866-5d4b1869dde6	TCGA-LUAD	/content/TCGA1/TCGA-LUAD/7cce924f-12a1-4895-9866-5d4b1869dde6/RNA-seq.parquet	/content/TCGA1/TCGA-LUAD/7cce924f-12a1-4895-9866-5d4b1869dde6/DNA-methylation.parquet	/content/TCGA1/TCGA-LUAD/7cce924f-12a1-4895-9866-5d4b1869dde6/mirna-seq.parquet
7e7f089c-25f7-4e14-aed5-d741047b9e42	TCGA-LUAD	/content/TCGA1/TCGA-LUAD/7e7f089c-25f7-4e14-aed5-d741047b9e42/RNA-seq.parquet	/content/TCGA1/TCGA-LUAD/7e7f089c-25f7-4e14-aed5-d741047b9e42/DNA-methylation.parquet	/content/TCGA1/TCGA-LUAD/7e7f089c-25f7-4e14-aed5-d741047b9e42/mirna-seq.parquet
7e83f9dd-b038-497b-a113-a55605398b7b	TCGA-LUAD	/content/TCGA1/TCGA-LUAD/7e83f9dd-b038-497b-a113-a55605398b7b/RNA-seq.parquet	/content/TCGA1/TCGA-LUAD/7e83f9dd-b038-497b-a113-a55605398b7b/DNA-methylation.parquet	/content/TCGA1/TCGA-LUAD/7e83f9dd-b038-497b-a113-a55605398b7b/mirna-seq.parquet
7eb540b4-8dd3-4382-a488-e48b1c7213b3	TCGA-LUAD	/content/TCGA1/TCGA-LUAD/7eb540b4-8dd3-4382-a488-e48b1c7213b3/RNA-seq.parquet	/content/TCGA1/TCGA-LUAD/7eb540b4-8dd3-4382-a488-e48b1c7213b3/DNA-methylation.parquet	/content/TCGA1/TCGA-LUAD/7eb540b4-8dd3-4382-a488-e48b1c7213b3/mirna-seq.parquet
7f6455e8-fa3d-4452-acb2-8c9995073072	TCGA-LUAD	/content/TCGA1/TCGA-LUAD/7f6455e8-fa3d-4452-acb2-8c9995073072/RNA-seq.parquet	/content/TCGA1/TCGA-LUAD/7f6455e8-fa3d-4452-acb2-8c9995073072/DNA-methylation.parquet	/content/TCGA1/TCGA-LUAD/7f6455e8-fa3d-4452-acb2-8c9995073072/mirna-seq.parquet
7fd03220-531e-4ef8-beca-e9703e8c0ae1	TCGA-LUAD	/content/TCGA1/TCGA-LUAD/7fd03220-531e-4ef8-beca-e9703e8c0ae1/RNA-seq.parquet	/content/TCGA1/TCGA-LUAD/7fd03220-531e-4ef8-beca-e9703e8c0ae1/DNA-methylation.parquet	/content/TCGA1/TCGA-LUAD/7fd03220-531e-4ef8-beca-e9703e8c0ae1/mirna-seq.parquet
807cc7d2-6e3b-4f2d-9531-0da994eeeada	TCGA-LUAD	/content/TCGA1/TCGA-LUAD/807cc7d2-6e3b-4f2d-9531-0da994eeeada/RNA-seq.parquet	/content/TCGA1/TCGA-LUAD/807cc7d2-6e3b-4f2d-9531-0da994eeeada/DNA-methylation.parquet	/content/TCGA1/TCGA-LUAD/807cc7d2-6e3b-4f2d-9531-0da994eeeada/mirna-seq.parquet
81a0b2ff-a3d3-41bb-9ce6-765e6ae894af	TCGA-LUAD	/content/TCGA1/TCGA-LUAD/81a0b2ff-a3d3-41bb-9ce6-765e6ae894af/RNA-seq.parquet	/content/TCGA1/TCGA-LUAD/81a0b2ff-a3d3-41bb-9ce6-765e6ae894af/DNA-methylation.parquet	/content/TCGA1/TCGA-LUAD/81a0b2ff-a3d3-41bb-9ce6-765e6ae894af/mirna-seq.parquet
8214a0d1-5e2d-4a7a-acb1-e5580755db83	TCGA-LUAD	/content/TCGA1/TCGA-LUAD/8214a0d1-5e2d-4a7a-acb1-e5580755db83/RNA-seq.parquet	/content/TCGA1/TCGA-LUAD/8214a0d1-5e2d-4a7a-acb1-e5580755db83/DNA-methylation.parquet	/content/TCGA1/TCGA-LUAD/8214a0d1-5e2d-4a7a-acb1-e5580755db83/mirna-seq.parquet
82476d2d-e403-4f6b-8dd6-cc84e3329478	TCGA-LUAD	/content/TCGA1/TCGA-LUAD/82476d2d-e403-4f6b-8dd6-cc84e3329478/RNA-seq.parquet	/content/TCGA1/TCGA-LUAD/82476d2d-e403-4f6b-8dd6-cc84e3329478/DNA-methylation.parquet	/content/TCGA1/TCGA-LUAD/82476d2d-e403-4f6b-8dd6-cc84e3329478/mirna-seq.parquet
83a6ed20-b3cf-48b9-8ed3-a080cd4951fa	TCGA-LUAD	/content/TCGA1/TCGA-LUAD/83a6ed20-b3cf-48b9-8ed3-a080cd4951fa/RNA-seq.parquet	/content/TCGA1/TCGA-LUAD/83a6ed20-b3cf-48b9-8ed3-a080cd4951fa/DNA-methylation.parquet	/content/TCGA1/TCGA-LUAD/83a6ed20-b3cf-48b9-8ed3-a080cd4951fa/mirna-seq.parquet
83e38dbd-edab-47f2-b19f-6ea38fc6bece	TCGA-LUAD	/content/TCGA1/TCGA-LUAD/83e38dbd-edab-47f2-b19f-6ea38fc6bece/RNA-seq.parquet	/content/TCGA1/TCGA-LUAD/83e38dbd-edab-47f2-b19f-6ea38fc6bece/DNA-methylation.parquet	/content/TCGA1/TCGA-LUAD/83e38dbd-edab-47f2-b19f-6ea38fc6bece/mirna-seq.parquet
84c3ba70-afa7-4b69-be69-7ec8d6022c56	TCGA-LUAD	/content/TCGA1/TCGA-LUAD/84c3ba70-afa7-4b69-be69-7ec8d6022c56/RNA-seq.parquet	/content/TCGA1/TCGA-LUAD/84c3ba70-afa7-4b69-be69-7ec8d6022c56/DNA-methylation.parquet	/content/TCGA1/TCGA-LUAD/84c3ba70-afa7-4b69-be69-7ec8d6022c56/mirna-seq.parquet
8504fd86-a70a-4cba-9ec8-25c9e60ca549	TCGA-LUAD	/content/TCGA1/TCGA-LUAD/8504fd86-a70a-4cba-9ec8-25c9e60ca549/RNA-seq.parquet	/content/TCGA1/TCGA-LUAD/8504fd86-a70a-4cba-9ec8-25c9e60ca549/DNA-methylation.parquet	/content/TCGA1/TCGA-LUAD/8504fd86-a70a-4cba-9ec8-25c9e60ca549/mirna-seq.parquet
851867cb-9ad0-4fdf-ac75-9bb0427ad440	TCGA-LUAD	/content/TCGA1/TCGA-LUAD/851867cb-9ad0-4fdf-ac75-9bb0427ad440/RNA-seq.parquet	/content/TCGA1/TCGA-LUAD/851867cb-9ad0-4fdf-ac75-9bb0427ad440/DNA-methylation.parquet	/content/TCGA1/TCGA-LUAD/851867cb-9ad0-4fdf-ac75-9bb0427ad440/mirna-seq.parquet
8609edfc-119d-4d63-9188-c86aabd5ca52	TCGA-LUAD	/content/TCGA1/TCGA-LUAD/8609edfc-119d-4d63-9188-c86aabd5ca52/RNA-seq.parquet	/content/TCGA1/TCGA-LUAD/8609edfc-119d-4d63-9188-c86aabd5ca52/DNA-methylation.parquet	/content/TCGA1/TCGA-LUAD/8609edfc-119d-4d63-9188-c86aabd5ca52/mirna-seq.parquet
86dac334-f30e-438e-810a-8e45f69dbb7e	TCGA-LUAD	/content/TCGA1/TCGA-LUAD/86dac334-f30e-438e-810a-8e45f69dbb7e/RNA-seq.parquet	/content/TCGA1/TCGA-LUAD/86dac334-f30e-438e-810a-8e45f69dbb7e/DNA-methylation.parquet	/content/TCGA1/TCGA-LUAD/86dac334-f30e-438e-810a-8e45f69dbb7e/mirna-seq.parquet
86faf16c-56fd-4b7b-a6b2-b4c83bec93e1	TCGA-LUAD	/content/TCGA1/TCGA-LUAD/86faf16c-56fd-4b7b-a6b2-b4c83bec93e1/RNA-seq.parquet	/content/TCGA1/TCGA-LUAD/86faf16c-56fd-4b7b-a6b2-b4c83bec93e1/DNA-methylation.parquet	/content/TCGA1/TCGA-LUAD/86faf16c-56fd-4b7b-a6b2-b4c83bec93e1/mirna-seq.parquet
875333ab-9048-462d-aaa2-693ad127e3cc	TCGA-LUAD	/content/TCGA1/TCGA-LUAD/875333ab-9048-462d-aaa2-693ad127e3cc/RNA-seq.parquet	/content/TCGA1/TCGA-LUAD/875333ab-9048-462d-aaa2-693ad127e3cc/DNA-methylation.parquet	/content/TCGA1/TCGA-LUAD/875333ab-9048-462d-aaa2-693ad127e3cc/mirna-seq.parquet
87f1b3df-4bc7-4336-b658-f30ac1c5c796	TCGA-LUAD	/content/TCGA1/TCGA-LUAD/87f1b3df-4bc7-4336-b658-f30ac1c5c796/RNA-seq.parquet	/content/TCGA1/TCGA-LUAD/87f1b3df-4bc7-4336-b658-f30ac1c5c796/DNA-methylation.parquet	/content/TCGA1/TCGA-LUAD/87f1b3df-4bc7-4336-b658-f30ac1c5c796/mirna-seq.parquet
8869000d-09d7-465a-ac32-54d1935c43e7	TCGA-LUAD	/content/TCGA1/TCGA-LUAD/8869000d-09d7-465a-ac32-54d1935c43e7/RNA-seq.parquet	/content/TCGA1/TCGA-LUAD/8869000d-09d7-465a-ac32-54d1935c43e7/DNA-methylation.parquet	/content/TCGA1/TCGA-LUAD/8869000d-09d7-465a-ac32-54d1935c43e7/mirna-seq.parquet
889aec8e-14ba-48d9-8fe1-f2416e82b333	TCGA-LUAD	/content/TCGA1/TCGA-LUAD/889aec8e-14ba-48d9-8fe1-f2416e82b333/RNA-seq.parquet	/content/TCGA1/TCGA-LUAD/889aec8e-14ba-48d9-8fe1-f2416e82b333/DNA-methylation.parquet	/content/TCGA1/TCGA-LUAD/889aec8e-14ba-48d9-8fe1-f2416e82b333/mirna-seq.parquet
8981f0c9-7155-4c96-bf77-7d40fe404323	TCGA-LUAD	/content/TCGA1/TCGA-LUAD/8981f0c9-7155-4c96-bf77-7d40fe404323/RNA-seq.parquet	/content/TCGA1/TCGA-LUAD/8981f0c9-7155-4c96-bf77-7d40fe404323/DNA-methylation.parquet	/content/TCGA1/TCGA-LUAD/8981f0c9-7155-4c96-bf77-7d40fe404323/mirna-seq.parquet
8994c8c4-9ea0-46cb-b4a5-0055d7da5bfa	TCGA-LUAD	/content/TCGA1/TCGA-LUAD/8994c8c4-9ea0-46cb-b4a5-0055d7da5bfa/RNA-seq.parquet	/content/TCGA1/TCGA-LUAD/8994c8c4-9ea0-46cb-b4a5-0055d7da5bfa/DNA-methylation.parquet	/content/TCGA1/TCGA-LUAD/8994c8c4-9ea0-46cb-b4a5-0055d7da5bfa/mirna-seq.parquet
8a16ddb3-4861-4128-bed9-0b1f94fe8cf7	TCGA-LUAD	/content/TCGA1/TCGA-LUAD/8a16ddb3-4861-4128-bed9-0b1f94fe8cf7/RNA-seq.parquet		/content/TCGA1/TCGA-LUAD/8a16ddb3-4861-4128-bed9-0b1f94fe8cf7/mirna-seq.parquet
8ab8c4ba-311e-41d0-85ea-a0245aca1bdd	TCGA-LUAD	/content/TCGA1/TCGA-LUAD/8ab8c4ba-311e-41d0-85ea-a0245aca1bdd/RNA-seq.parquet	/content/TCGA1/TCGA-LUAD/8ab8c4ba-311e-41d0-85ea-a0245aca1bdd/DNA-methylation.parquet	/content/TCGA1/TCGA-LUAD/8ab8c4ba-311e-41d0-85ea-a0245aca1bdd/mirna-seq.parquet
8b119d1c-6d21-4bbd-8a00-12da7b97d6c4	TCGA-LUAD	/content/TCGA1/TCGA-LUAD/8b119d1c-6d21-4bbd-8a00-12da7b97d6c4/RNA-seq.parquet	/content/TCGA1/TCGA-LUAD/8b119d1c-6d21-4bbd-8a00-12da7b97d6c4/DNA-methylation.parquet	/content/TCGA1/TCGA-LUAD/8b119d1c-6d21-4bbd-8a00-12da7b97d6c4/mirna-seq.parquet
8c695c24-e7f9-449a-9258-a1bc8a33bf9a	TCGA-LUAD	/content/TCGA1/TCGA-LUAD/8c695c24-e7f9-449a-9258-a1bc8a33bf9a/RNA-seq.parquet	/content/TCGA1/TCGA-LUAD/8c695c24-e7f9-449a-9258-a1bc8a33bf9a/DNA-methylation.parquet	/content/TCGA1/TCGA-LUAD/8c695c24-e7f9-449a-9258-a1bc8a33bf9a/mirna-seq.parquet
8cc6bcec-65df-46a9-a88c-09762a132857	TCGA-LUAD	/content/TCGA1/TCGA-LUAD/8cc6bcec-65df-46a9-a88c-09762a132857/RNA-seq.parquet	/content/TCGA1/TCGA-LUAD/8cc6bcec-65df-46a9-a88c-09762a132857/DNA-methylation.parquet	/content/TCGA1/TCGA-LUAD/8cc6bcec-65df-46a9-a88c-09762a132857/mirna-seq.parquet
8d0736fe-261c-445c-bfd2-a3ea3ceaf367	TCGA-LUAD	/content/TCGA1/TCGA-LUAD/8d0736fe-261c-445c-bfd2-a3ea3ceaf367/RNA-seq.parquet	/content/TCGA1/TCGA-LUAD/8d0736fe-261c-445c-bfd2-a3ea3ceaf367/DNA-methylation.parquet	/content/TCGA1/TCGA-LUAD/8d0736fe-261c-445c-bfd2-a3ea3ceaf367/mirna-seq.parquet
8d535aa6-6d59-4965-b5ed-17217d8f5930	TCGA-LUAD	/content/TCGA1/TCGA-LUAD/8d535aa6-6d59-4965-b5ed-17217d8f5930/RNA-seq.parquet	/content/TCGA1/TCGA-LUAD/8d535aa6-6d59-4965-b5ed-17217d8f5930/DNA-methylation.parquet	/content/TCGA1/TCGA-LUAD/8d535aa6-6d59-4965-b5ed-17217d8f5930/mirna-seq.parquet
8e2aca86-7cba-4631-9f25-4d14219dbc6d	TCGA-LUAD	/content/TCGA1/TCGA-LUAD/8e2aca86-7cba-4631-9f25-4d14219dbc6d/RNA-seq.parquet	/content/TCGA1/TCGA-LUAD/8e2aca86-7cba-4631-9f25-4d14219dbc6d/DNA-methylation.parquet	/content/TCGA1/TCGA-LUAD/8e2aca86-7cba-4631-9f25-4d14219dbc6d/mirna-seq.parquet
8e41153b-9faf-45c3-8397-8a428ef5c0d5	TCGA-LUAD	/content/TCGA1/TCGA-LUAD/8e41153b-9faf-45c3-8397-8a428ef5c0d5/RNA-seq.parquet	/content/TCGA1/TCGA-LUAD/8e41153b-9faf-45c3-8397-8a428ef5c0d5/DNA-methylation.parquet	/content/TCGA1/TCGA-LUAD/8e41153b-9faf-45c3-8397-8a428ef5c0d5/mirna-seq.parquet
8f04660a-2efb-4947-9eab-375066b9eb33	TCGA-LUAD	/content/TCGA1/TCGA-LUAD/8f04660a-2efb-4947-9eab-375066b9eb33/RNA-seq.parquet	/content/TCGA1/TCGA-LUAD/8f04660a-2efb-4947-9eab-375066b9eb33/DNA-methylation.parquet	/content/TCGA1/TCGA-LUAD/8f04660a-2efb-4947-9eab-375066b9eb33/mirna-seq.parquet
8f52cccd-5709-4753-9670-31a573ee27ab	TCGA-LUAD	/content/TCGA1/TCGA-LUAD/8f52cccd-5709-4753-9670-31a573ee27ab/RNA-seq.parquet	/content/TCGA1/TCGA-LUAD/8f52cccd-5709-4753-9670-31a573ee27ab/DNA-methylation.parquet	/content/TCGA1/TCGA-LUAD/8f52cccd-5709-4753-9670-31a573ee27ab/mirna-seq.parquet
8fdbd88f-19ae-4ab8-bcd7-6bfa1bbde742	TCGA-LUAD	/content/TCGA1/TCGA-LUAD/8fdbd88f-19ae-4ab8-bcd7-6bfa1bbde742/RNA-seq.parquet	/content/TCGA1/TCGA-LUAD/8fdbd88f-19ae-4ab8-bcd7-6bfa1bbde742/DNA-methylation.parquet	/content/TCGA1/TCGA-LUAD/8fdbd88f-19ae-4ab8-bcd7-6bfa1bbde742/mirna-seq.parquet
923b37e4-fcf7-46a0-8cb2-9139711fec7b	TCGA-LUAD	/content/TCGA1/TCGA-LUAD/923b37e4-fcf7-46a0-8cb2-9139711fec7b/RNA-seq.parquet	/content/TCGA1/TCGA-LUAD/923b37e4-fcf7-46a0-8cb2-9139711fec7b/DNA-methylation.parquet	/content/TCGA1/TCGA-LUAD/923b37e4-fcf7-46a0-8cb2-9139711fec7b/mirna-seq.parquet
9240d5fc-de23-4436-8099-da9bd3054860	TCGA-LUAD	/content/TCGA1/TCGA-LUAD/9240d5fc-de23-4436-8099-da9bd3054860/RNA-seq.parquet	/content/TCGA1/TCGA-LUAD/9240d5fc-de23-4436-8099-da9bd3054860/DNA-methylation.parquet	/content/TCGA1/TCGA-LUAD/9240d5fc-de23-4436-8099-da9bd3054860/mirna-seq.parquet
927fc5e0-2c14-4c20-a49b-f10d8a1175c3	TCGA-LUAD	/content/TCGA1/TCGA-LUAD/927fc5e0-2c14-4c20-a49b-f10d8a1175c3/RNA-seq.parquet	/content/TCGA1/TCGA-LUAD/927fc5e0-2c14-4c20-a49b-f10d8a1175c3/DNA-methylation.parquet	/content/TCGA1/TCGA-LUAD/927fc5e0-2c14-4c20-a49b-f10d8a1175c3/mirna-seq.parquet
93766482-2f20-4c8f-bbd8-bdd203c37d5a	TCGA-LUAD	/content/TCGA1/TCGA-LUAD/93766482-2f20-4c8f-bbd8-bdd203c37d5a/RNA-seq.parquet	/content/TCGA1/TCGA-LUAD/93766482-2f20-4c8f-bbd8-bdd203c37d5a/DNA-methylation.parquet	/content/TCGA1/TCGA-LUAD/93766482-2f20-4c8f-bbd8-bdd203c37d5a/mirna-seq.parquet
9536e32d-2707-48d2-a36d-08c521665bb9	TCGA-LUAD	/content/TCGA1/TCGA-LUAD/9536e32d-2707-48d2-a36d-08c521665bb9/RNA-seq.parquet	/content/TCGA1/TCGA-LUAD/9536e32d-2707-48d2-a36d-08c521665bb9/DNA-methylation.parquet	/content/TCGA1/TCGA-LUAD/9536e32d-2707-48d2-a36d-08c521665bb9/mirna-seq.parquet
953a908d-0993-42f6-853b-512611d19a2c	TCGA-LUAD	/content/TCGA1/TCGA-LUAD/953a908d-0993-42f6-853b-512611d19a2c/RNA-seq.parquet	/content/TCGA1/TCGA-LUAD/953a908d-0993-42f6-853b-512611d19a2c/DNA-methylation.parquet	/content/TCGA1/TCGA-LUAD/953a908d-0993-42f6-853b-512611d19a2c/mirna-seq.parquet
9582b436-145b-4f84-8f7f-8b39b8254cc1	TCGA-LUAD	/content/TCGA1/TCGA-LUAD/9582b436-145b-4f84-8f7f-8b39b8254cc1/RNA-seq.parquet	/content/TCGA1/TCGA-LUAD/9582b436-145b-4f84-8f7f-8b39b8254cc1/DNA-methylation.parquet	/content/TCGA1/TCGA-LUAD/9582b436-145b-4f84-8f7f-8b39b8254cc1/mirna-seq.parquet
95fa64b0-91e1-4427-b81a-53c47a053563	TCGA-LUAD	/content/TCGA1/TCGA-LUAD/95fa64b0-91e1-4427-b81a-53c47a053563/RNA-seq.parquet	/content/TCGA1/TCGA-LUAD/95fa64b0-91e1-4427-b81a-53c47a053563/DNA-methylation.parquet	/content/TCGA1/TCGA-LUAD/95fa64b0-91e1-4427-b81a-53c47a053563/mirna-seq.parquet
962fd4e7-9199-43d9-abce-e3dfa46da62c	TCGA-LUAD	/content/TCGA1/TCGA-LUAD/962fd4e7-9199-43d9-abce-e3dfa46da62c/RNA-seq.parquet	/content/TCGA1/TCGA-LUAD/962fd4e7-9199-43d9-abce-e3dfa46da62c/DNA-methylation.parquet	/content/TCGA1/TCGA-LUAD/962fd4e7-9199-43d9-abce-e3dfa46da62c/mirna-seq.parquet
967d6548-5a84-4b7e-bc3f-2e522859fce6	TCGA-LUAD	/content/TCGA1/TCGA-LUAD/967d6548-5a84-4b7e-bc3f-2e522859fce6/RNA-seq.parquet	/content/TCGA1/TCGA-LUAD/967d6548-5a84-4b7e-bc3f-2e522859fce6/DNA-methylation.parquet	/content/TCGA1/TCGA-LUAD/967d6548-5a84-4b7e-bc3f-2e522859fce6/mirna-seq.parquet
96d93e23-bb0d-46a8-9685-5ed0d6b83059	TCGA-LUAD	/content/TCGA1/TCGA-LUAD/96d93e23-bb0d-46a8-9685-5ed0d6b83059/RNA-seq.parquet	/content/TCGA1/TCGA-LUAD/96d93e23-bb0d-46a8-9685-5ed0d6b83059/DNA-methylation.parquet	/content/TCGA1/TCGA-LUAD/96d93e23-bb0d-46a8-9685-5ed0d6b83059/mirna-seq.parquet
96dfa373-4597-49a5-942e-d9b4dc5d28fc	TCGA-LUAD	/content/TCGA1/TCGA-LUAD/96dfa373-4597-49a5-942e-d9b4dc5d28fc/RNA-seq.parquet	/content/TCGA1/TCGA-LUAD/96dfa373-4597-49a5-942e-d9b4dc5d28fc/DNA-methylation.parquet	/content/TCGA1/TCGA-LUAD/96dfa373-4597-49a5-942e-d9b4dc5d28fc/mirna-seq.parquet
9759bf3a-74ff-433f-99bb-f9406f222ed2	TCGA-LUAD	/content/TCGA1/TCGA-LUAD/9759bf3a-74ff-433f-99bb-f9406f222ed2/RNA-seq.parquet	/content/TCGA1/TCGA-LUAD/9759bf3a-74ff-433f-99bb-f9406f222ed2/DNA-methylation.parquet	/content/TCGA1/TCGA-LUAD/9759bf3a-74ff-433f-99bb-f9406f222ed2/mirna-seq.parquet
97831d28-ab41-4c18-bfc2-c4c6bc757d13	TCGA-LUAD	/content/TCGA1/TCGA-LUAD/97831d28-ab41-4c18-bfc2-c4c6bc757d13/RNA-seq.parquet	/content/TCGA1/TCGA-LUAD/97831d28-ab41-4c18-bfc2-c4c6bc757d13/DNA-methylation.parquet	/content/TCGA1/TCGA-LUAD/97831d28-ab41-4c18-bfc2-c4c6bc757d13/mirna-seq.parquet
98ee294a-46ed-4572-bdd4-a932c3498a25	TCGA-LUAD	/content/TCGA1/TCGA-LUAD/98ee294a-46ed-4572-bdd4-a932c3498a25/RNA-seq.parquet	/content/TCGA1/TCGA-LUAD/98ee294a-46ed-4572-bdd4-a932c3498a25/DNA-methylation.parquet	/content/TCGA1/TCGA-LUAD/98ee294a-46ed-4572-bdd4-a932c3498a25/mirna-seq.parquet
98ef41fa-3015-445a-bbdc-984361c911f7	TCGA-LUAD	/content/TCGA1/TCGA-LUAD/98ef41fa-3015-445a-bbdc-984361c911f7/RNA-seq.parquet	/content/TCGA1/TCGA-LUAD/98ef41fa-3015-445a-bbdc-984361c911f7/DNA-methylation.parquet	/content/TCGA1/TCGA-LUAD/98ef41fa-3015-445a-bbdc-984361c911f7/mirna-seq.parquet
9944f46f-9fa8-4e2c-a806-776bec7f8803	TCGA-LUAD	/content/TCGA1/TCGA-LUAD/9944f46f-9fa8-4e2c-a806-776bec7f8803/RNA-seq.parquet	/content/TCGA1/TCGA-LUAD/9944f46f-9fa8-4e2c-a806-776bec7f8803/DNA-methylation.parquet	/content/TCGA1/TCGA-LUAD/9944f46f-9fa8-4e2c-a806-776bec7f8803/mirna-seq.parquet
996a0070-e9bf-4601-8ef7-60212108258d	TCGA-LUAD	/content/TCGA1/TCGA-LUAD/996a0070-e9bf-4601-8ef7-60212108258d/RNA-seq.parquet	/content/TCGA1/TCGA-LUAD/996a0070-e9bf-4601-8ef7-60212108258d/DNA-methylation.parquet	/content/TCGA1/TCGA-LUAD/996a0070-e9bf-4601-8ef7-60212108258d/mirna-seq.parquet
99c35245-e1c8-4805-b7a5-f703bb506030	TCGA-LUAD	/content/TCGA1/TCGA-LUAD/99c35245-e1c8-4805-b7a5-f703bb506030/RNA-seq.parquet	/content/TCGA1/TCGA-LUAD/99c35245-e1c8-4805-b7a5-f703bb506030/DNA-methylation.parquet	/content/TCGA1/TCGA-LUAD/99c35245-e1c8-4805-b7a5-f703bb506030/mirna-seq.parquet
9a2a226e-9605-4214-9320-469305e664e6	TCGA-LUAD	/content/TCGA1/TCGA-LUAD/9a2a226e-9605-4214-9320-469305e664e6/RNA-seq.parquet	/content/TCGA1/TCGA-LUAD/9a2a226e-9605-4214-9320-469305e664e6/DNA-methylation.parquet	/content/TCGA1/TCGA-LUAD/9a2a226e-9605-4214-9320-469305e664e6/mirna-seq.parquet
9a50e7e4-831d-489f-87d2-979e987561cc	TCGA-LUAD	/content/TCGA1/TCGA-LUAD/9a50e7e4-831d-489f-87d2-979e987561cc/RNA-seq.parquet	/content/TCGA1/TCGA-LUAD/9a50e7e4-831d-489f-87d2-979e987561cc/DNA-methylation.parquet	/content/TCGA1/TCGA-LUAD/9a50e7e4-831d-489f-87d2-979e987561cc/mirna-seq.parquet
9a63f744-4ed4-4b4d-aac6-f9bda66aa563	TCGA-LUAD	/content/TCGA1/TCGA-LUAD/9a63f744-4ed4-4b4d-aac6-f9bda66aa563/RNA-seq.parquet	/content/TCGA1/TCGA-LUAD/9a63f744-4ed4-4b4d-aac6-f9bda66aa563/DNA-methylation.parquet	/content/TCGA1/TCGA-LUAD/9a63f744-4ed4-4b4d-aac6-f9bda66aa563/mirna-seq.parquet
9a9bd705-1ef1-4a6c-bb1e-bdd346dc01c0	TCGA-LUAD	/content/TCGA1/TCGA-LUAD/9a9bd705-1ef1-4a6c-bb1e-bdd346dc01c0/RNA-seq.parquet	/content/TCGA1/TCGA-LUAD/9a9bd705-1ef1-4a6c-bb1e-bdd346dc01c0/DNA-methylation.parquet	/content/TCGA1/TCGA-LUAD/9a9bd705-1ef1-4a6c-bb1e-bdd346dc01c0/mirna-seq.parquet
9b132e4f-7e35-4cc5-8711-43ad62b906d0	TCGA-LUAD	/content/TCGA1/TCGA-LUAD/9b132e4f-7e35-4cc5-8711-43ad62b906d0/RNA-seq.parquet	/content/TCGA1/TCGA-LUAD/9b132e4f-7e35-4cc5-8711-43ad62b906d0/DNA-methylation.parquet	/content/TCGA1/TCGA-LUAD/9b132e4f-7e35-4cc5-8711-43ad62b906d0/mirna-seq.parquet
9b38eded-3f46-4aaa-9991-68008d97bdbe	TCGA-LUAD	/content/TCGA1/TCGA-LUAD/9b38eded-3f46-4aaa-9991-68008d97bdbe/RNA-seq.parquet	/content/TCGA1/TCGA-LUAD/9b38eded-3f46-4aaa-9991-68008d97bdbe/DNA-methylation.parquet	/content/TCGA1/TCGA-LUAD/9b38eded-3f46-4aaa-9991-68008d97bdbe/mirna-seq.parquet
9b4eeecb-6aff-435b-a244-ec362af92b7f	TCGA-LUAD	/content/TCGA1/TCGA-LUAD/9b4eeecb-6aff-435b-a244-ec362af92b7f/RNA-seq.parquet	/content/TCGA1/TCGA-LUAD/9b4eeecb-6aff-435b-a244-ec362af92b7f/DNA-methylation.parquet	/content/TCGA1/TCGA-LUAD/9b4eeecb-6aff-435b-a244-ec362af92b7f/mirna-seq.parquet
9b93a7c5-f9b4-4461-8078-0201a725c9cf	TCGA-LUAD	/content/TCGA1/TCGA-LUAD/9b93a7c5-f9b4-4461-8078-0201a725c9cf/RNA-seq.parquet	/content/TCGA1/TCGA-LUAD/9b93a7c5-f9b4-4461-8078-0201a725c9cf/DNA-methylation.parquet	/content/TCGA1/TCGA-LUAD/9b93a7c5-f9b4-4461-8078-0201a725c9cf/mirna-seq.parquet
9c7875ad-ab71-4d48-b2e3-e4c7a46393e9	TCGA-LUAD	/content/TCGA1/TCGA-LUAD/9c7875ad-ab71-4d48-b2e3-e4c7a46393e9/RNA-seq.parquet	/content/TCGA1/TCGA-LUAD/9c7875ad-ab71-4d48-b2e3-e4c7a46393e9/DNA-methylation.parquet	/content/TCGA1/TCGA-LUAD/9c7875ad-ab71-4d48-b2e3-e4c7a46393e9/mirna-seq.parquet
9c894668-88f5-4308-a1c0-6b8acc6aaaec	TCGA-LUAD	/content/TCGA1/TCGA-LUAD/9c894668-88f5-4308-a1c0-6b8acc6aaaec/RNA-seq.parquet	/content/TCGA1/TCGA-LUAD/9c894668-88f5-4308-a1c0-6b8acc6aaaec/DNA-methylation.parquet	/content/TCGA1/TCGA-LUAD/9c894668-88f5-4308-a1c0-6b8acc6aaaec/mirna-seq.parquet
9ca1a26c-82e0-48b3-b3bb-2ed57086eeb1	TCGA-LUAD	/content/TCGA1/TCGA-LUAD/9ca1a26c-82e0-48b3-b3bb-2ed57086eeb1/RNA-seq.parquet	/content/TCGA1/TCGA-LUAD/9ca1a26c-82e0-48b3-b3bb-2ed57086eeb1/DNA-methylation.parquet	/content/TCGA1/TCGA-LUAD/9ca1a26c-82e0-48b3-b3bb-2ed57086eeb1/mirna-seq.parquet
9cfc1519-33e7-4145-a4ad-78b5c449853a	TCGA-LUAD	/content/TCGA1/TCGA-LUAD/9cfc1519-33e7-4145-a4ad-78b5c449853a/RNA-seq.parquet	/content/TCGA1/TCGA-LUAD/9cfc1519-33e7-4145-a4ad-78b5c449853a/DNA-methylation.parquet	/content/TCGA1/TCGA-LUAD/9cfc1519-33e7-4145-a4ad-78b5c449853a/mirna-seq.parquet
9dda72ec-1698-44e2-b35c-11e9a2704380	TCGA-LUAD	/content/TCGA1/TCGA-LUAD/9dda72ec-1698-44e2-b35c-11e9a2704380/RNA-seq.parquet	/content/TCGA1/TCGA-LUAD/9dda72ec-1698-44e2-b35c-11e9a2704380/DNA-methylation.parquet	/content/TCGA1/TCGA-LUAD/9dda72ec-1698-44e2-b35c-11e9a2704380/mirna-seq.parquet
9e22a3af-7f28-4757-8684-ed64a2a27ad1	TCGA-LUAD	/content/TCGA1/TCGA-LUAD/9e22a3af-7f28-4757-8684-ed64a2a27ad1/RNA-seq.parquet	/content/TCGA1/TCGA-LUAD/9e22a3af-7f28-4757-8684-ed64a2a27ad1/DNA-methylation.parquet	/content/TCGA1/TCGA-LUAD/9e22a3af-7f28-4757-8684-ed64a2a27ad1/mirna-seq.parquet
9e640ff7-996e-427b-b56c-519a1e23baab	TCGA-LUAD	/content/TCGA1/TCGA-LUAD/9e640ff7-996e-427b-b56c-519a1e23baab/RNA-seq.parquet	/content/TCGA1/TCGA-LUAD/9e640ff7-996e-427b-b56c-519a1e23baab/DNA-methylation.parquet	/content/TCGA1/TCGA-LUAD/9e640ff7-996e-427b-b56c-519a1e23baab/mirna-seq.parquet
9ee20c0d-a1c3-47f3-abda-131b3f190f52	TCGA-LUAD	/content/TCGA1/TCGA-LUAD/9ee20c0d-a1c3-47f3-abda-131b3f190f52/RNA-seq.parquet	/content/TCGA1/TCGA-LUAD/9ee20c0d-a1c3-47f3-abda-131b3f190f52/DNA-methylation.parquet	/content/TCGA1/TCGA-LUAD/9ee20c0d-a1c3-47f3-abda-131b3f190f52/mirna-seq.parquet
9f4f2ff3-3c02-4281-a398-b0d0955e58eb	TCGA-LUAD	/content/TCGA1/TCGA-LUAD/9f4f2ff3-3c02-4281-a398-b0d0955e58eb/RNA-seq.parquet	/content/TCGA1/TCGA-LUAD/9f4f2ff3-3c02-4281-a398-b0d0955e58eb/DNA-methylation.parquet	/content/TCGA1/TCGA-LUAD/9f4f2ff3-3c02-4281-a398-b0d0955e58eb/mirna-seq.parquet
9f81c602-8afa-4588-b0b6-6e5a1a128d5a	TCGA-LUAD	/content/TCGA1/TCGA-LUAD/9f81c602-8afa-4588-b0b6-6e5a1a128d5a/RNA-seq.parquet	/content/TCGA1/TCGA-LUAD/9f81c602-8afa-4588-b0b6-6e5a1a128d5a/DNA-methylation.parquet	/content/TCGA1/TCGA-LUAD/9f81c602-8afa-4588-b0b6-6e5a1a128d5a/mirna-seq.parquet
9fcdccae-676e-4071-93c3-23d2d3ab0c00	TCGA-LUAD	/content/TCGA1/TCGA-LUAD/9fcdccae-676e-4071-93c3-23d2d3ab0c00/RNA-seq.parquet	/content/TCGA1/TCGA-LUAD/9fcdccae-676e-4071-93c3-23d2d3ab0c00/DNA-methylation.parquet	/content/TCGA1/TCGA-LUAD/9fcdccae-676e-4071-93c3-23d2d3ab0c00/mirna-seq.parquet
a046888c-f153-4f35-a1b6-23dd1691a91a	TCGA-LUAD	/content/TCGA1/TCGA-LUAD/a046888c-f153-4f35-a1b6-23dd1691a91a/RNA-seq.parquet	/content/TCGA1/TCGA-LUAD/a046888c-f153-4f35-a1b6-23dd1691a91a/DNA-methylation.parquet	
a0e57b39-960e-4e46-8aa0-d0ee2fd9a7cc	TCGA-LUAD	/content/TCGA1/TCGA-LUAD/a0e57b39-960e-4e46-8aa0-d0ee2fd9a7cc/RNA-seq.parquet	/content/TCGA1/TCGA-LUAD/a0e57b39-960e-4e46-8aa0-d0ee2fd9a7cc/DNA-methylation.parquet	/content/TCGA1/TCGA-LUAD/a0e57b39-960e-4e46-8aa0-d0ee2fd9a7cc/mirna-seq.parquet
a1e65587-24c1-4b41-92a7-4e1f15fffd78	TCGA-LUAD	/content/TCGA1/TCGA-LUAD/a1e65587-24c1-4b41-92a7-4e1f15fffd78/RNA-seq.parquet	/content/TCGA1/TCGA-LUAD/a1e65587-24c1-4b41-92a7-4e1f15fffd78/DNA-methylation.parquet	/content/TCGA1/TCGA-LUAD/a1e65587-24c1-4b41-92a7-4e1f15fffd78/mirna-seq.parquet
a214a959-3b21-4f25-a615-383cda7afdff	TCGA-LUAD	/content/TCGA1/TCGA-LUAD/a214a959-3b21-4f25-a615-383cda7afdff/RNA-seq.parquet	/content/TCGA1/TCGA-LUAD/a214a959-3b21-4f25-a615-383cda7afdff/DNA-methylation.parquet	/content/TCGA1/TCGA-LUAD/a214a959-3b21-4f25-a615-383cda7afdff/mirna-seq.parquet
a244a99a-d7cc-4fb1-bc76-b66886481621	TCGA-LUAD	/content/TCGA1/TCGA-LUAD/a244a99a-d7cc-4fb1-bc76-b66886481621/RNA-seq.parquet	/content/TCGA1/TCGA-LUAD/a244a99a-d7cc-4fb1-bc76-b66886481621/DNA-methylation.parquet	/content/TCGA1/TCGA-LUAD/a244a99a-d7cc-4fb1-bc76-b66886481621/mirna-seq.parquet
a250a369-e536-4a18-b7af-2911133d7bdc	TCGA-LUAD	/content/TCGA1/TCGA-LUAD/a250a369-e536-4a18-b7af-2911133d7bdc/RNA-seq.parquet	/content/TCGA1/TCGA-LUAD/a250a369-e536-4a18-b7af-2911133d7bdc/DNA-methylation.parquet	/content/TCGA1/TCGA-LUAD/a250a369-e536-4a18-b7af-2911133d7bdc/mirna-seq.parquet
a391d49f-a822-460b-981c-6fbe1868ee38	TCGA-LUAD	/content/TCGA1/TCGA-LUAD/a391d49f-a822-460b-981c-6fbe1868ee38/RNA-seq.parquet	/content/TCGA1/TCGA-LUAD/a391d49f-a822-460b-981c-6fbe1868ee38/DNA-methylation.parquet	/content/TCGA1/TCGA-LUAD/a391d49f-a822-460b-981c-6fbe1868ee38/mirna-seq.parquet
a3de401d-91fe-49a2-bb07-81c1a06506e6	TCGA-LUAD	/content/TCGA1/TCGA-LUAD/a3de401d-91fe-49a2-bb07-81c1a06506e6/RNA-seq.parquet		/content/TCGA1/TCGA-LUAD/a3de401d-91fe-49a2-bb07-81c1a06506e6/mirna-seq.parquet
a3f6bc1c-19ab-4eeb-a9ac-3d2fac850bde	TCGA-LUAD	/content/TCGA1/TCGA-LUAD/a3f6bc1c-19ab-4eeb-a9ac-3d2fac850bde/RNA-seq.parquet	/content/TCGA1/TCGA-LUAD/a3f6bc1c-19ab-4eeb-a9ac-3d2fac850bde/DNA-methylation.parquet	/content/TCGA1/TCGA-LUAD/a3f6bc1c-19ab-4eeb-a9ac-3d2fac850bde/mirna-seq.parquet
a3fd20b2-e001-44ab-9716-754e5ae70808	TCGA-LUAD	/content/TCGA1/TCGA-LUAD/a3fd20b2-e001-44ab-9716-754e5ae70808/RNA-seq.parquet	/content/TCGA1/TCGA-LUAD/a3fd20b2-e001-44ab-9716-754e5ae70808/DNA-methylation.parquet	/content/TCGA1/TCGA-LUAD/a3fd20b2-e001-44ab-9716-754e5ae70808/mirna-seq.parquet
a41c46da-7ed4-4192-bd16-b3cbb94a5133	TCGA-LUAD	/content/TCGA1/TCGA-LUAD/a41c46da-7ed4-4192-bd16-b3cbb94a5133/RNA-seq.parquet		/content/TCGA1/TCGA-LUAD/a41c46da-7ed4-4192-bd16-b3cbb94a5133/mirna-seq.parquet
a52e99d6-a61a-439d-b0b1-ca7a0eabcb04	TCGA-LUAD	/content/TCGA1/TCGA-LUAD/a52e99d6-a61a-439d-b0b1-ca7a0eabcb04/RNA-seq.parquet	/content/TCGA1/TCGA-LUAD/a52e99d6-a61a-439d-b0b1-ca7a0eabcb04/DNA-methylation.parquet	/content/TCGA1/TCGA-LUAD/a52e99d6-a61a-439d-b0b1-ca7a0eabcb04/mirna-seq.parquet
a534b96b-1665-444a-9308-e610f2f0e510	TCGA-LUAD	/content/TCGA1/TCGA-LUAD/a534b96b-1665-444a-9308-e610f2f0e510/RNA-seq.parquet	/content/TCGA1/TCGA-LUAD/a534b96b-1665-444a-9308-e610f2f0e510/DNA-methylation.parquet	/content/TCGA1/TCGA-LUAD/a534b96b-1665-444a-9308-e610f2f0e510/mirna-seq.parquet
a5bd7d50-9c14-49e6-89cf-6bf440c42309	TCGA-LUAD	/content/TCGA1/TCGA-LUAD/a5bd7d50-9c14-49e6-89cf-6bf440c42309/RNA-seq.parquet	/content/TCGA1/TCGA-LUAD/a5bd7d50-9c14-49e6-89cf-6bf440c42309/DNA-methylation.parquet	/content/TCGA1/TCGA-LUAD/a5bd7d50-9c14-49e6-89cf-6bf440c42309/mirna-seq.parquet
a5f2576a-d628-47de-a5df-76a4f3105dcc	TCGA-LUAD	/content/TCGA1/TCGA-LUAD/a5f2576a-d628-47de-a5df-76a4f3105dcc/RNA-seq.parquet	/content/TCGA1/TCGA-LUAD/a5f2576a-d628-47de-a5df-76a4f3105dcc/DNA-methylation.parquet	/content/TCGA1/TCGA-LUAD/a5f2576a-d628-47de-a5df-76a4f3105dcc/mirna-seq.parquet
a65700c2-e58c-4fd4-aeb1-5686b8f4d212	TCGA-LUAD	/content/TCGA1/TCGA-LUAD/a65700c2-e58c-4fd4-aeb1-5686b8f4d212/RNA-seq.parquet	/content/TCGA1/TCGA-LUAD/a65700c2-e58c-4fd4-aeb1-5686b8f4d212/DNA-methylation.parquet	/content/TCGA1/TCGA-LUAD/a65700c2-e58c-4fd4-aeb1-5686b8f4d212/mirna-seq.parquet
a7911bdc-13f1-434a-bfa3-f8ba55d15846	TCGA-LUAD	/content/TCGA1/TCGA-LUAD/a7911bdc-13f1-434a-bfa3-f8ba55d15846/RNA-seq.parquet	/content/TCGA1/TCGA-LUAD/a7911bdc-13f1-434a-bfa3-f8ba55d15846/DNA-methylation.parquet	/content/TCGA1/TCGA-LUAD/a7911bdc-13f1-434a-bfa3-f8ba55d15846/mirna-seq.parquet
a815619f-dbba-469f-a1f7-dfbd51cd86c5	TCGA-LUAD	/content/TCGA1/TCGA-LUAD/a815619f-dbba-469f-a1f7-dfbd51cd86c5/RNA-seq.parquet	/content/TCGA1/TCGA-LUAD/a815619f-dbba-469f-a1f7-dfbd51cd86c5/DNA-methylation.parquet	/content/TCGA1/TCGA-LUAD/a815619f-dbba-469f-a1f7-dfbd51cd86c5/mirna-seq.parquet
a816e355-be6f-4d16-b051-b6d86ed8cded	TCGA-LUAD	/content/TCGA1/TCGA-LUAD/a816e355-be6f-4d16-b051-b6d86ed8cded/RNA-seq.parquet	/content/TCGA1/TCGA-LUAD/a816e355-be6f-4d16-b051-b6d86ed8cded/DNA-methylation.parquet	/content/TCGA1/TCGA-LUAD/a816e355-be6f-4d16-b051-b6d86ed8cded/mirna-seq.parquet
a8d6694c-a213-4544-ac0b-63bce16d8f4e	TCGA-LUAD	/content/TCGA1/TCGA-LUAD/a8d6694c-a213-4544-ac0b-63bce16d8f4e/RNA-seq.parquet	/content/TCGA1/TCGA-LUAD/a8d6694c-a213-4544-ac0b-63bce16d8f4e/DNA-methylation.parquet	/content/TCGA1/TCGA-LUAD/a8d6694c-a213-4544-ac0b-63bce16d8f4e/mirna-seq.parquet
a8de1beb-6296-44eb-bd63-c603f70faaf3	TCGA-LUAD	/content/TCGA1/TCGA-LUAD/a8de1beb-6296-44eb-bd63-c603f70faaf3/RNA-seq.parquet	/content/TCGA1/TCGA-LUAD/a8de1beb-6296-44eb-bd63-c603f70faaf3/DNA-methylation.parquet	/content/TCGA1/TCGA-LUAD/a8de1beb-6296-44eb-bd63-c603f70faaf3/mirna-seq.parquet
a905d275-9283-4fa6-bbbf-46019bd1bcb7	TCGA-LUAD	/content/TCGA1/TCGA-LUAD/a905d275-9283-4fa6-bbbf-46019bd1bcb7/RNA-seq.parquet	/content/TCGA1/TCGA-LUAD/a905d275-9283-4fa6-bbbf-46019bd1bcb7/DNA-methylation.parquet	/content/TCGA1/TCGA-LUAD/a905d275-9283-4fa6-bbbf-46019bd1bcb7/mirna-seq.parquet
a9644274-13bb-4228-9b4f-14260ccc26eb	TCGA-LUAD	/content/TCGA1/TCGA-LUAD/a9644274-13bb-4228-9b4f-14260ccc26eb/RNA-seq.parquet	/content/TCGA1/TCGA-LUAD/a9644274-13bb-4228-9b4f-14260ccc26eb/DNA-methylation.parquet	/content/TCGA1/TCGA-LUAD/a9644274-13bb-4228-9b4f-14260ccc26eb/mirna-seq.parquet
ab8d7f84-dd71-42c7-9471-4db967a9c89c	TCGA-LUAD	/content/TCGA1/TCGA-LUAD/ab8d7f84-dd71-42c7-9471-4db967a9c89c/RNA-seq.parquet	/content/TCGA1/TCGA-LUAD/ab8d7f84-dd71-42c7-9471-4db967a9c89c/DNA-methylation.parquet	/content/TCGA1/TCGA-LUAD/ab8d7f84-dd71-42c7-9471-4db967a9c89c/mirna-seq.parquet
ab9e6815-4d13-44db-93e5-553eb4f5bc95	TCGA-LUAD	/content/TCGA1/TCGA-LUAD/ab9e6815-4d13-44db-93e5-553eb4f5bc95/RNA-seq.parquet	/content/TCGA1/TCGA-LUAD/ab9e6815-4d13-44db-93e5-553eb4f5bc95/DNA-methylation.parquet	/content/TCGA1/TCGA-LUAD/ab9e6815-4d13-44db-93e5-553eb4f5bc95/mirna-seq.parquet
abab925c-bef3-4072-b9c4-40f808744593	TCGA-LUAD	/content/TCGA1/TCGA-LUAD/abab925c-bef3-4072-b9c4-40f808744593/RNA-seq.parquet	/content/TCGA1/TCGA-LUAD/abab925c-bef3-4072-b9c4-40f808744593/DNA-methylation.parquet	/content/TCGA1/TCGA-LUAD/abab925c-bef3-4072-b9c4-40f808744593/mirna-seq.parquet
abd6647b-d2eb-404d-8283-443e92addf55	TCGA-LUAD	/content/TCGA1/TCGA-LUAD/abd6647b-d2eb-404d-8283-443e92addf55/RNA-seq.parquet	/content/TCGA1/TCGA-LUAD/abd6647b-d2eb-404d-8283-443e92addf55/DNA-methylation.parquet	/content/TCGA1/TCGA-LUAD/abd6647b-d2eb-404d-8283-443e92addf55/mirna-seq.parquet
ac0d7a82-82cb-4aec-b859-e37375f3de8b	TCGA-LUAD	/content/TCGA1/TCGA-LUAD/ac0d7a82-82cb-4aec-b859-e37375f3de8b/RNA-seq.parquet	/content/TCGA1/TCGA-LUAD/ac0d7a82-82cb-4aec-b859-e37375f3de8b/DNA-methylation.parquet	/content/TCGA1/TCGA-LUAD/ac0d7a82-82cb-4aec-b859-e37375f3de8b/mirna-seq.parquet
ad74c0e8-8878-4efc-997d-981cd547bc5b	TCGA-LUAD	/content/TCGA1/TCGA-LUAD/ad74c0e8-8878-4efc-997d-981cd547bc5b/RNA-seq.parquet	/content/TCGA1/TCGA-LUAD/ad74c0e8-8878-4efc-997d-981cd547bc5b/DNA-methylation.parquet	/content/TCGA1/TCGA-LUAD/ad74c0e8-8878-4efc-997d-981cd547bc5b/mirna-seq.parquet
adbaba9c-5efc-4130-82f6-8055eab13795	TCGA-LUAD	/content/TCGA1/TCGA-LUAD/adbaba9c-5efc-4130-82f6-8055eab13795/RNA-seq.parquet	/content/TCGA1/TCGA-LUAD/adbaba9c-5efc-4130-82f6-8055eab13795/DNA-methylation.parquet	/content/TCGA1/TCGA-LUAD/adbaba9c-5efc-4130-82f6-8055eab13795/mirna-seq.parquet
ae39e358-08d7-4367-ae68-82b469e791e4	TCGA-LUAD	/content/TCGA1/TCGA-LUAD/ae39e358-08d7-4367-ae68-82b469e791e4/RNA-seq.parquet		/content/TCGA1/TCGA-LUAD/ae39e358-08d7-4367-ae68-82b469e791e4/mirna-seq.parquet
ae702159-5b6a-41dd-868c-7540f9e1131c	TCGA-LUAD	/content/TCGA1/TCGA-LUAD/ae702159-5b6a-41dd-868c-7540f9e1131c/RNA-seq.parquet	/content/TCGA1/TCGA-LUAD/ae702159-5b6a-41dd-868c-7540f9e1131c/DNA-methylation.parquet	/content/TCGA1/TCGA-LUAD/ae702159-5b6a-41dd-868c-7540f9e1131c/mirna-seq.parquet
aea68827-dc0f-484d-a00d-06deeaa4b3ce	TCGA-LUAD	/content/TCGA1/TCGA-LUAD/aea68827-dc0f-484d-a00d-06deeaa4b3ce/RNA-seq.parquet	/content/TCGA1/TCGA-LUAD/aea68827-dc0f-484d-a00d-06deeaa4b3ce/DNA-methylation.parquet	/content/TCGA1/TCGA-LUAD/aea68827-dc0f-484d-a00d-06deeaa4b3ce/mirna-seq.parquet
aee86a89-0377-4080-b16c-408bfbe78687	TCGA-LUAD	/content/TCGA1/TCGA-LUAD/aee86a89-0377-4080-b16c-408bfbe78687/RNA-seq.parquet	/content/TCGA1/TCGA-LUAD/aee86a89-0377-4080-b16c-408bfbe78687/DNA-methylation.parquet	/content/TCGA1/TCGA-LUAD/aee86a89-0377-4080-b16c-408bfbe78687/mirna-seq.parquet
afb91740-2668-46d7-ba01-bb26153ad1c7	TCGA-LUAD	/content/TCGA1/TCGA-LUAD/afb91740-2668-46d7-ba01-bb26153ad1c7/RNA-seq.parquet	/content/TCGA1/TCGA-LUAD/afb91740-2668-46d7-ba01-bb26153ad1c7/DNA-methylation.parquet	/content/TCGA1/TCGA-LUAD/afb91740-2668-46d7-ba01-bb26153ad1c7/mirna-seq.parquet
afe83af5-af22-49c0-88b4-f1d0dfcbe238	TCGA-LUAD	/content/TCGA1/TCGA-LUAD/afe83af5-af22-49c0-88b4-f1d0dfcbe238/RNA-seq.parquet	/content/TCGA1/TCGA-LUAD/afe83af5-af22-49c0-88b4-f1d0dfcbe238/DNA-methylation.parquet	/content/TCGA1/TCGA-LUAD/afe83af5-af22-49c0-88b4-f1d0dfcbe238/mirna-seq.parquet
b2285924-9813-4f46-bb8f-91a0efd8a9b6	TCGA-LUAD	/content/TCGA1/TCGA-LUAD/b2285924-9813-4f46-bb8f-91a0efd8a9b6/RNA-seq.parquet		
b256e065-c681-4f82-8b68-a8ef7c413791	TCGA-LUAD	/content/TCGA1/TCGA-LUAD/b256e065-c681-4f82-8b68-a8ef7c413791/RNA-seq.parquet	/content/TCGA1/TCGA-LUAD/b256e065-c681-4f82-8b68-a8ef7c413791/DNA-methylation.parquet	/content/TCGA1/TCGA-LUAD/b256e065-c681-4f82-8b68-a8ef7c413791/mirna-seq.parquet
b266cbf5-80de-4473-b16f-08c502d365ca	TCGA-LUAD	/content/TCGA1/TCGA-LUAD/b266cbf5-80de-4473-b16f-08c502d365ca/RNA-seq.parquet	/content/TCGA1/TCGA-LUAD/b266cbf5-80de-4473-b16f-08c502d365ca/DNA-methylation.parquet	/content/TCGA1/TCGA-LUAD/b266cbf5-80de-4473-b16f-08c502d365ca/mirna-seq.parquet
b2bc53d6-ef78-4ae9-a6b5-1c7cad9a43eb	TCGA-LUAD	/content/TCGA1/TCGA-LUAD/b2bc53d6-ef78-4ae9-a6b5-1c7cad9a43eb/RNA-seq.parquet	/content/TCGA1/TCGA-LUAD/b2bc53d6-ef78-4ae9-a6b5-1c7cad9a43eb/DNA-methylation.parquet	/content/TCGA1/TCGA-LUAD/b2bc53d6-ef78-4ae9-a6b5-1c7cad9a43eb/mirna-seq.parquet
b36b7567-30d3-4d0c-84c4-b203986e0fdb	TCGA-LUAD	/content/TCGA1/TCGA-LUAD/b36b7567-30d3-4d0c-84c4-b203986e0fdb/RNA-seq.parquet	/content/TCGA1/TCGA-LUAD/b36b7567-30d3-4d0c-84c4-b203986e0fdb/DNA-methylation.parquet	/content/TCGA1/TCGA-LUAD/b36b7567-30d3-4d0c-84c4-b203986e0fdb/mirna-seq.parquet
b40d0849-f4ef-4a14-9732-9beb708cb46b	TCGA-LUAD	/content/TCGA1/TCGA-LUAD/b40d0849-f4ef-4a14-9732-9beb708cb46b/RNA-seq.parquet	/content/TCGA1/TCGA-LUAD/b40d0849-f4ef-4a14-9732-9beb708cb46b/DNA-methylation.parquet	/content/TCGA1/TCGA-LUAD/b40d0849-f4ef-4a14-9732-9beb708cb46b/mirna-seq.parquet
b56dad1e-2fd5-47d8-9cc7-a54be9a1bae2	TCGA-LUAD	/content/TCGA1/TCGA-LUAD/b56dad1e-2fd5-47d8-9cc7-a54be9a1bae2/RNA-seq.parquet	/content/TCGA1/TCGA-LUAD/b56dad1e-2fd5-47d8-9cc7-a54be9a1bae2/DNA-methylation.parquet	/content/TCGA1/TCGA-LUAD/b56dad1e-2fd5-47d8-9cc7-a54be9a1bae2/mirna-seq.parquet
b61abdfd-b7a0-4e1a-b570-d1eaecad3a9e	TCGA-LUAD	/content/TCGA1/TCGA-LUAD/b61abdfd-b7a0-4e1a-b570-d1eaecad3a9e/RNA-seq.parquet		/content/TCGA1/TCGA-LUAD/b61abdfd-b7a0-4e1a-b570-d1eaecad3a9e/mirna-seq.parquet
b8475929-2d9d-4909-bd62-59684a140bd7	TCGA-LUAD	/content/TCGA1/TCGA-LUAD/b8475929-2d9d-4909-bd62-59684a140bd7/RNA-seq.parquet	/content/TCGA1/TCGA-LUAD/b8475929-2d9d-4909-bd62-59684a140bd7/DNA-methylation.parquet	/content/TCGA1/TCGA-LUAD/b8475929-2d9d-4909-bd62-59684a140bd7/mirna-seq.parquet
b86b1616-20a2-4300-8daa-03dcc9938215	TCGA-LUAD	/content/TCGA1/TCGA-LUAD/b86b1616-20a2-4300-8daa-03dcc9938215/RNA-seq.parquet	/content/TCGA1/TCGA-LUAD/b86b1616-20a2-4300-8daa-03dcc9938215/DNA-methylation.parquet	/content/TCGA1/TCGA-LUAD/b86b1616-20a2-4300-8daa-03dcc9938215/mirna-seq.parquet
b87a5d92-4c09-48fe-bb08-b3c89a7c892e	TCGA-LUAD	/content/TCGA1/TCGA-LUAD/b87a5d92-4c09-48fe-bb08-b3c89a7c892e/RNA-seq.parquet	/content/TCGA1/TCGA-LUAD/b87a5d92-4c09-48fe-bb08-b3c89a7c892e/DNA-methylation.parquet	/content/TCGA1/TCGA-LUAD/b87a5d92-4c09-48fe-bb08-b3c89a7c892e/mirna-seq.parquet
b89de053-d253-447f-952e-9a2edcf6bca5	TCGA-LUAD	/content/TCGA1/TCGA-LUAD/b89de053-d253-447f-952e-9a2edcf6bca5/RNA-seq.parquet	/content/TCGA1/TCGA-LUAD/b89de053-d253-447f-952e-9a2edcf6bca5/DNA-methylation.parquet	/content/TCGA1/TCGA-LUAD/b89de053-d253-447f-952e-9a2edcf6bca5/mirna-seq.parquet
b8b5ed35-b299-4c1e-9226-5ca055dc7a43	TCGA-LUAD	/content/TCGA1/TCGA-LUAD/b8b5ed35-b299-4c1e-9226-5ca055dc7a43/RNA-seq.parquet	/content/TCGA1/TCGA-LUAD/b8b5ed35-b299-4c1e-9226-5ca055dc7a43/DNA-methylation.parquet	/content/TCGA1/TCGA-LUAD/b8b5ed35-b299-4c1e-9226-5ca055dc7a43/mirna-seq.parquet
ba49117e-dab6-4e7d-bc44-f11dcafa1318	TCGA-LUAD	/content/TCGA1/TCGA-LUAD/ba49117e-dab6-4e7d-bc44-f11dcafa1318/RNA-seq.parquet	/content/TCGA1/TCGA-LUAD/ba49117e-dab6-4e7d-bc44-f11dcafa1318/DNA-methylation.parquet	/content/TCGA1/TCGA-LUAD/ba49117e-dab6-4e7d-bc44-f11dcafa1318/mirna-seq.parquet
bab335f9-b241-41a7-b107-79b9676b37b8	TCGA-LUAD	/content/TCGA1/TCGA-LUAD/bab335f9-b241-41a7-b107-79b9676b37b8/RNA-seq.parquet	/content/TCGA1/TCGA-LUAD/bab335f9-b241-41a7-b107-79b9676b37b8/DNA-methylation.parquet	/content/TCGA1/TCGA-LUAD/bab335f9-b241-41a7-b107-79b9676b37b8/mirna-seq.parquet
bab43415-d413-40be-a4c0-2c40a52afe6a	TCGA-LUAD	/content/TCGA1/TCGA-LUAD/bab43415-d413-40be-a4c0-2c40a52afe6a/RNA-seq.parquet	/content/TCGA1/TCGA-LUAD/bab43415-d413-40be-a4c0-2c40a52afe6a/DNA-methylation.parquet	/content/TCGA1/TCGA-LUAD/bab43415-d413-40be-a4c0-2c40a52afe6a/mirna-seq.parquet
bbe88801-34f3-46d2-bbfd-b46c3901ed71	TCGA-LUAD	/content/TCGA1/TCGA-LUAD/bbe88801-34f3-46d2-bbfd-b46c3901ed71/RNA-seq.parquet	/content/TCGA1/TCGA-LUAD/bbe88801-34f3-46d2-bbfd-b46c3901ed71/DNA-methylation.parquet	/content/TCGA1/TCGA-LUAD/bbe88801-34f3-46d2-bbfd-b46c3901ed71/mirna-seq.parquet
bc4c4079-b449-485d-84e4-a40496e563e8	TCGA-LUAD	/content/TCGA1/TCGA-LUAD/bc4c4079-b449-485d-84e4-a40496e563e8/RNA-seq.parquet	/content/TCGA1/TCGA-LUAD/bc4c4079-b449-485d-84e4-a40496e563e8/DNA-methylation.parquet	/content/TCGA1/TCGA-LUAD/bc4c4079-b449-485d-84e4-a40496e563e8/mirna-seq.parquet
bcf2e591-9dae-440f-bd03-5f27c57db741	TCGA-LUAD	/content/TCGA1/TCGA-LUAD/bcf2e591-9dae-440f-bd03-5f27c57db741/RNA-seq.parquet	/content/TCGA1/TCGA-LUAD/bcf2e591-9dae-440f-bd03-5f27c57db741/DNA-methylation.parquet	/content/TCGA1/TCGA-LUAD/bcf2e591-9dae-440f-bd03-5f27c57db741/mirna-seq.parquet
bd4e9a9f-17f3-4d33-92fc-fcc45dd0e7b4	TCGA-LUAD	/content/TCGA1/TCGA-LUAD/bd4e9a9f-17f3-4d33-92fc-fcc45dd0e7b4/RNA-seq.parquet	/content/TCGA1/TCGA-LUAD/bd4e9a9f-17f3-4d33-92fc-fcc45dd0e7b4/DNA-methylation.parquet	/content/TCGA1/TCGA-LUAD/bd4e9a9f-17f3-4d33-92fc-fcc45dd0e7b4/mirna-seq.parquet
bebd0025-74e2-451b-93b3-86f82df43573	TCGA-LUAD	/content/TCGA1/TCGA-LUAD/bebd0025-74e2-451b-93b3-86f82df43573/RNA-seq.parquet	/content/TCGA1/TCGA-LUAD/bebd0025-74e2-451b-93b3-86f82df43573/DNA-methylation.parquet	/content/TCGA1/TCGA-LUAD/bebd0025-74e2-451b-93b3-86f82df43573/mirna-seq.parquet
bf15f7ad-9d92-473b-91d1-f24aa373ab97	TCGA-LUAD	/content/TCGA1/TCGA-LUAD/bf15f7ad-9d92-473b-91d1-f24aa373ab97/RNA-seq.parquet		/content/TCGA1/TCGA-LUAD/bf15f7ad-9d92-473b-91d1-f24aa373ab97/mirna-seq.parquet
bf34664d-423d-4257-99d4-797f7d366455	TCGA-LUAD	/content/TCGA1/TCGA-LUAD/bf34664d-423d-4257-99d4-797f7d366455/RNA-seq.parquet	/content/TCGA1/TCGA-LUAD/bf34664d-423d-4257-99d4-797f7d366455/DNA-methylation.parquet	/content/TCGA1/TCGA-LUAD/bf34664d-423d-4257-99d4-797f7d366455/mirna-seq.parquet
bf755bc2-b7aa-4c3c-8b3c-58b089b5cab6	TCGA-LUAD	/content/TCGA1/TCGA-LUAD/bf755bc2-b7aa-4c3c-8b3c-58b089b5cab6/RNA-seq.parquet	/content/TCGA1/TCGA-LUAD/bf755bc2-b7aa-4c3c-8b3c-58b089b5cab6/DNA-methylation.parquet	/content/TCGA1/TCGA-LUAD/bf755bc2-b7aa-4c3c-8b3c-58b089b5cab6/mirna-seq.parquet
c0c879f7-c332-4d31-9f7e-a3bf361b36ee	TCGA-LUAD	/content/TCGA1/TCGA-LUAD/c0c879f7-c332-4d31-9f7e-a3bf361b36ee/RNA-seq.parquet	/content/TCGA1/TCGA-LUAD/c0c879f7-c332-4d31-9f7e-a3bf361b36ee/DNA-methylation.parquet	/content/TCGA1/TCGA-LUAD/c0c879f7-c332-4d31-9f7e-a3bf361b36ee/mirna-seq.parquet
c0e263eb-1a83-4dc8-8abe-3dd2a59bae1b	TCGA-LUAD	/content/TCGA1/TCGA-LUAD/c0e263eb-1a83-4dc8-8abe-3dd2a59bae1b/RNA-seq.parquet	/content/TCGA1/TCGA-LUAD/c0e263eb-1a83-4dc8-8abe-3dd2a59bae1b/DNA-methylation.parquet	/content/TCGA1/TCGA-LUAD/c0e263eb-1a83-4dc8-8abe-3dd2a59bae1b/mirna-seq.parquet
c0fdb152-25d2-404b-bec7-a43ece381f5b	TCGA-LUAD	/content/TCGA1/TCGA-LUAD/c0fdb152-25d2-404b-bec7-a43ece381f5b/RNA-seq.parquet	/content/TCGA1/TCGA-LUAD/c0fdb152-25d2-404b-bec7-a43ece381f5b/DNA-methylation.parquet	/content/TCGA1/TCGA-LUAD/c0fdb152-25d2-404b-bec7-a43ece381f5b/mirna-seq.parquet
c1a01e8c-1f7e-4e24-bfad-90b73f88e992	TCGA-LUAD	/content/TCGA1/TCGA-LUAD/c1a01e8c-1f7e-4e24-bfad-90b73f88e992/RNA-seq.parquet	/content/TCGA1/TCGA-LUAD/c1a01e8c-1f7e-4e24-bfad-90b73f88e992/DNA-methylation.parquet	/content/TCGA1/TCGA-LUAD/c1a01e8c-1f7e-4e24-bfad-90b73f88e992/mirna-seq.parquet
c2a1de2e-6451-4c95-8ce6-263f2b7e6eff	TCGA-LUAD	/content/TCGA1/TCGA-LUAD/c2a1de2e-6451-4c95-8ce6-263f2b7e6eff/RNA-seq.parquet	/content/TCGA1/TCGA-LUAD/c2a1de2e-6451-4c95-8ce6-263f2b7e6eff/DNA-methylation.parquet	/content/TCGA1/TCGA-LUAD/c2a1de2e-6451-4c95-8ce6-263f2b7e6eff/mirna-seq.parquet
c353f949-5f66-4a2c-b8f0-17be8bf19e0a	TCGA-LUAD	/content/TCGA1/TCGA-LUAD/c353f949-5f66-4a2c-b8f0-17be8bf19e0a/RNA-seq.parquet	/content/TCGA1/TCGA-LUAD/c353f949-5f66-4a2c-b8f0-17be8bf19e0a/DNA-methylation.parquet	/content/TCGA1/TCGA-LUAD/c353f949-5f66-4a2c-b8f0-17be8bf19e0a/mirna-seq.parquet
c497f8c7-2fb5-44d9-bc7c-69cfd0b51b54	TCGA-LUAD	/content/TCGA1/TCGA-LUAD/c497f8c7-2fb5-44d9-bc7c-69cfd0b51b54/RNA-seq.parquet	/content/TCGA1/TCGA-LUAD/c497f8c7-2fb5-44d9-bc7c-69cfd0b51b54/DNA-methylation.parquet	/content/TCGA1/TCGA-LUAD/c497f8c7-2fb5-44d9-bc7c-69cfd0b51b54/mirna-seq.parquet
c4c1469d-752f-42b6-8686-714ad4a8ac97	TCGA-LUAD	/content/TCGA1/TCGA-LUAD/c4c1469d-752f-42b6-8686-714ad4a8ac97/RNA-seq.parquet	/content/TCGA1/TCGA-LUAD/c4c1469d-752f-42b6-8686-714ad4a8ac97/DNA-methylation.parquet	/content/TCGA1/TCGA-LUAD/c4c1469d-752f-42b6-8686-714ad4a8ac97/mirna-seq.parquet
c4cfa3cc-e305-42dd-be57-97efbb891659	TCGA-LUAD	/content/TCGA1/TCGA-LUAD/c4cfa3cc-e305-42dd-be57-97efbb891659/RNA-seq.parquet	/content/TCGA1/TCGA-LUAD/c4cfa3cc-e305-42dd-be57-97efbb891659/DNA-methylation.parquet	/content/TCGA1/TCGA-LUAD/c4cfa3cc-e305-42dd-be57-97efbb891659/mirna-seq.parquet
c4d1e105-28b7-48df-abef-fbe09782fdb2	TCGA-LUAD	/content/TCGA1/TCGA-LUAD/c4d1e105-28b7-48df-abef-fbe09782fdb2/RNA-seq.parquet	/content/TCGA1/TCGA-LUAD/c4d1e105-28b7-48df-abef-fbe09782fdb2/DNA-methylation.parquet	/content/TCGA1/TCGA-LUAD/c4d1e105-28b7-48df-abef-fbe09782fdb2/mirna-seq.parquet
c583fdd1-8cd2-4c15-a23e-0644261f65da	TCGA-LUAD	/content/TCGA1/TCGA-LUAD/c583fdd1-8cd2-4c15-a23e-0644261f65da/RNA-seq.parquet	/content/TCGA1/TCGA-LUAD/c583fdd1-8cd2-4c15-a23e-0644261f65da/DNA-methylation.parquet	/content/TCGA1/TCGA-LUAD/c583fdd1-8cd2-4c15-a23e-0644261f65da/mirna-seq.parquet
c650b1ff-8a4c-4ee9-b7c1-268c28c83827	TCGA-LUAD	/content/TCGA1/TCGA-LUAD/c650b1ff-8a4c-4ee9-b7c1-268c28c83827/RNA-seq.parquet	/content/TCGA1/TCGA-LUAD/c650b1ff-8a4c-4ee9-b7c1-268c28c83827/DNA-methylation.parquet	/content/TCGA1/TCGA-LUAD/c650b1ff-8a4c-4ee9-b7c1-268c28c83827/mirna-seq.parquet
c6b680e3-d96e-4fc7-8053-77454b7a14fa	TCGA-LUAD	/content/TCGA1/TCGA-LUAD/c6b680e3-d96e-4fc7-8053-77454b7a14fa/RNA-seq.parquet	/content/TCGA1/TCGA-LUAD/c6b680e3-d96e-4fc7-8053-77454b7a14fa/DNA-methylation.parquet	/content/TCGA1/TCGA-LUAD/c6b680e3-d96e-4fc7-8053-77454b7a14fa/mirna-seq.parquet
c6d78e27-e510-4f57-abae-19efa6105a8d	TCGA-LUAD	/content/TCGA1/TCGA-LUAD/c6d78e27-e510-4f57-abae-19efa6105a8d/RNA-seq.parquet		/content/TCGA1/TCGA-LUAD/c6d78e27-e510-4f57-abae-19efa6105a8d/mirna-seq.parquet
c8544fb3-b26e-4672-bb81-a271db724b04	TCGA-LUAD	/content/TCGA1/TCGA-LUAD/c8544fb3-b26e-4672-bb81-a271db724b04/RNA-seq.parquet	/content/TCGA1/TCGA-LUAD/c8544fb3-b26e-4672-bb81-a271db724b04/DNA-methylation.parquet	/content/TCGA1/TCGA-LUAD/c8544fb3-b26e-4672-bb81-a271db724b04/mirna-seq.parquet
c95957a7-1a1a-4c8d-bb61-7c99b500f224	TCGA-LUAD	/content/TCGA1/TCGA-LUAD/c95957a7-1a1a-4c8d-bb61-7c99b500f224/RNA-seq.parquet	/content/TCGA1/TCGA-LUAD/c95957a7-1a1a-4c8d-bb61-7c99b500f224/DNA-methylation.parquet	/content/TCGA1/TCGA-LUAD/c95957a7-1a1a-4c8d-bb61-7c99b500f224/mirna-seq.parquet
c9c533ee-e154-4a56-bce9-b5af37574b2f	TCGA-LUAD	/content/TCGA1/TCGA-LUAD/c9c533ee-e154-4a56-bce9-b5af37574b2f/RNA-seq.parquet	/content/TCGA1/TCGA-LUAD/c9c533ee-e154-4a56-bce9-b5af37574b2f/DNA-methylation.parquet	/content/TCGA1/TCGA-LUAD/c9c533ee-e154-4a56-bce9-b5af37574b2f/mirna-seq.parquet
cbbea9f1-396a-4bf3-b67c-2cac3394dceb	TCGA-LUAD	/content/TCGA1/TCGA-LUAD/cbbea9f1-396a-4bf3-b67c-2cac3394dceb/RNA-seq.parquet	/content/TCGA1/TCGA-LUAD/cbbea9f1-396a-4bf3-b67c-2cac3394dceb/DNA-methylation.parquet	/content/TCGA1/TCGA-LUAD/cbbea9f1-396a-4bf3-b67c-2cac3394dceb/mirna-seq.parquet
cbf1f718-6bb7-4daf-b9d6-fb294281decb	TCGA-LUAD	/content/TCGA1/TCGA-LUAD/cbf1f718-6bb7-4daf-b9d6-fb294281decb/RNA-seq.parquet	/content/TCGA1/TCGA-LUAD/cbf1f718-6bb7-4daf-b9d6-fb294281decb/DNA-methylation.parquet	/content/TCGA1/TCGA-LUAD/cbf1f718-6bb7-4daf-b9d6-fb294281decb/mirna-seq.parquet
cbfef004-b437-4d51-9d88-a2db50aa6481	TCGA-LUAD	/content/TCGA1/TCGA-LUAD/cbfef004-b437-4d51-9d88-a2db50aa6481/RNA-seq.parquet	/content/TCGA1/TCGA-LUAD/cbfef004-b437-4d51-9d88-a2db50aa6481/DNA-methylation.parquet	/content/TCGA1/TCGA-LUAD/cbfef004-b437-4d51-9d88-a2db50aa6481/mirna-seq.parquet
cc3d9750-7ce0-489f-86d4-8017b7ebed29	TCGA-LUAD	/content/TCGA1/TCGA-LUAD/cc3d9750-7ce0-489f-86d4-8017b7ebed29/RNA-seq.parquet	/content/TCGA1/TCGA-LUAD/cc3d9750-7ce0-489f-86d4-8017b7ebed29/DNA-methylation.parquet	/content/TCGA1/TCGA-LUAD/cc3d9750-7ce0-489f-86d4-8017b7ebed29/mirna-seq.parquet
cc4bd56a-25c5-4c48-b583-ac3aeb778ca6	TCGA-LUAD	/content/TCGA1/TCGA-LUAD/cc4bd56a-25c5-4c48-b583-ac3aeb778ca6/RNA-seq.parquet		/content/TCGA1/TCGA-LUAD/cc4bd56a-25c5-4c48-b583-ac3aeb778ca6/mirna-seq.parquet
cc68632c-b1e3-491b-b562-9468e2d1c101	TCGA-LUAD	/content/TCGA1/TCGA-LUAD/cc68632c-b1e3-491b-b562-9468e2d1c101/RNA-seq.parquet	/content/TCGA1/TCGA-LUAD/cc68632c-b1e3-491b-b562-9468e2d1c101/DNA-methylation.parquet	/content/TCGA1/TCGA-LUAD/cc68632c-b1e3-491b-b562-9468e2d1c101/mirna-seq.parquet
ccda26c1-a6d6-4317-8cf8-8a87e15ce12e	TCGA-LUAD	/content/TCGA1/TCGA-LUAD/ccda26c1-a6d6-4317-8cf8-8a87e15ce12e/RNA-seq.parquet		/content/TCGA1/TCGA-LUAD/ccda26c1-a6d6-4317-8cf8-8a87e15ce12e/mirna-seq.parquet
ccecce70-dd54-4c5b-bf9f-ca87d290cb00	TCGA-LUAD	/content/TCGA1/TCGA-LUAD/ccecce70-dd54-4c5b-bf9f-ca87d290cb00/RNA-seq.parquet	/content/TCGA1/TCGA-LUAD/ccecce70-dd54-4c5b-bf9f-ca87d290cb00/DNA-methylation.parquet	/content/TCGA1/TCGA-LUAD/ccecce70-dd54-4c5b-bf9f-ca87d290cb00/mirna-seq.parquet
ccfdad76-cc45-447f-bed8-ede8f6a8844d	TCGA-LUAD	/content/TCGA1/TCGA-LUAD/ccfdad76-cc45-447f-bed8-ede8f6a8844d/RNA-seq.parquet	/content/TCGA1/TCGA-LUAD/ccfdad76-cc45-447f-bed8-ede8f6a8844d/DNA-methylation.parquet	/content/TCGA1/TCGA-LUAD/ccfdad76-cc45-447f-bed8-ede8f6a8844d/mirna-seq.parquet
cd0dc947-b708-464e-beb7-954c9d4583e7	TCGA-LUAD	/content/TCGA1/TCGA-LUAD/cd0dc947-b708-464e-beb7-954c9d4583e7/RNA-seq.parquet		/content/TCGA1/TCGA-LUAD/cd0dc947-b708-464e-beb7-954c9d4583e7/mirna-seq.parquet
cd902d08-215e-4bd0-88e4-4fd01ab43cbf	TCGA-LUAD	/content/TCGA1/TCGA-LUAD/cd902d08-215e-4bd0-88e4-4fd01ab43cbf/RNA-seq.parquet	/content/TCGA1/TCGA-LUAD/cd902d08-215e-4bd0-88e4-4fd01ab43cbf/DNA-methylation.parquet	/content/TCGA1/TCGA-LUAD/cd902d08-215e-4bd0-88e4-4fd01ab43cbf/mirna-seq.parquet
cd9e70e4-8622-4a07-8646-63f8275c1737	TCGA-LUAD	/content/TCGA1/TCGA-LUAD/cd9e70e4-8622-4a07-8646-63f8275c1737/RNA-seq.parquet	/content/TCGA1/TCGA-LUAD/cd9e70e4-8622-4a07-8646-63f8275c1737/DNA-methylation.parquet	/content/TCGA1/TCGA-LUAD/cd9e70e4-8622-4a07-8646-63f8275c1737/mirna-seq.parquet
ce15f31f-2bad-4485-96fa-495bfa262e66	TCGA-LUAD	/content/TCGA1/TCGA-LUAD/ce15f31f-2bad-4485-96fa-495bfa262e66/RNA-seq.parquet		/content/TCGA1/TCGA-LUAD/ce15f31f-2bad-4485-96fa-495bfa262e66/mirna-seq.parquet
ceead734-1ce0-4385-b65a-a9c853b7308e	TCGA-LUAD	/content/TCGA1/TCGA-LUAD/ceead734-1ce0-4385-b65a-a9c853b7308e/RNA-seq.parquet	/content/TCGA1/TCGA-LUAD/ceead734-1ce0-4385-b65a-a9c853b7308e/DNA-methylation.parquet	/content/TCGA1/TCGA-LUAD/ceead734-1ce0-4385-b65a-a9c853b7308e/mirna-seq.parquet
d12b6930-9ae4-4fe7-ad69-d183135c91ab	TCGA-LUAD	/content/TCGA1/TCGA-LUAD/d12b6930-9ae4-4fe7-ad69-d183135c91ab/RNA-seq.parquet	/content/TCGA1/TCGA-LUAD/d12b6930-9ae4-4fe7-ad69-d183135c91ab/DNA-methylation.parquet	/content/TCGA1/TCGA-LUAD/d12b6930-9ae4-4fe7-ad69-d183135c91ab/mirna-seq.parquet
d15b7b29-c5c5-41d8-b83b-7cc12fe92820	TCGA-LUAD	/content/TCGA1/TCGA-LUAD/d15b7b29-c5c5-41d8-b83b-7cc12fe92820/RNA-seq.parquet	/content/TCGA1/TCGA-LUAD/d15b7b29-c5c5-41d8-b83b-7cc12fe92820/DNA-methylation.parquet	/content/TCGA1/TCGA-LUAD/d15b7b29-c5c5-41d8-b83b-7cc12fe92820/mirna-seq.parquet
d2824e6d-3784-45c2-9b0f-52b17356b5da	TCGA-LUAD	/content/TCGA1/TCGA-LUAD/d2824e6d-3784-45c2-9b0f-52b17356b5da/RNA-seq.parquet	/content/TCGA1/TCGA-LUAD/d2824e6d-3784-45c2-9b0f-52b17356b5da/DNA-methylation.parquet	/content/TCGA1/TCGA-LUAD/d2824e6d-3784-45c2-9b0f-52b17356b5da/mirna-seq.parquet
d288b69f-1e79-4429-8646-9994b7c54f8f	TCGA-LUAD	/content/TCGA1/TCGA-LUAD/d288b69f-1e79-4429-8646-9994b7c54f8f/RNA-seq.parquet	/content/TCGA1/TCGA-LUAD/d288b69f-1e79-4429-8646-9994b7c54f8f/DNA-methylation.parquet	/content/TCGA1/TCGA-LUAD/d288b69f-1e79-4429-8646-9994b7c54f8f/mirna-seq.parquet
d28e465c-e553-4c53-8bb7-3d8199b9a8a5	TCGA-LUAD	/content/TCGA1/TCGA-LUAD/d28e465c-e553-4c53-8bb7-3d8199b9a8a5/RNA-seq.parquet	/content/TCGA1/TCGA-LUAD/d28e465c-e553-4c53-8bb7-3d8199b9a8a5/DNA-methylation.parquet	/content/TCGA1/TCGA-LUAD/d28e465c-e553-4c53-8bb7-3d8199b9a8a5/mirna-seq.parquet
d2c1e896-6886-4122-bb48-5fbcd3f641f4	TCGA-LUAD	/content/TCGA1/TCGA-LUAD/d2c1e896-6886-4122-bb48-5fbcd3f641f4/RNA-seq.parquet		/content/TCGA1/TCGA-LUAD/d2c1e896-6886-4122-bb48-5fbcd3f641f4/mirna-seq.parquet
d31aeefc-b59b-42e9-9919-750b17a70a3d	TCGA-LUAD	/content/TCGA1/TCGA-LUAD/d31aeefc-b59b-42e9-9919-750b17a70a3d/RNA-seq.parquet		/content/TCGA1/TCGA-LUAD/d31aeefc-b59b-42e9-9919-750b17a70a3d/mirna-seq.parquet
d344dae0-adf4-4697-b703-7690c13d8331	TCGA-LUAD	/content/TCGA1/TCGA-LUAD/d344dae0-adf4-4697-b703-7690c13d8331/RNA-seq.parquet	/content/TCGA1/TCGA-LUAD/d344dae0-adf4-4697-b703-7690c13d8331/DNA-methylation.parquet	/content/TCGA1/TCGA-LUAD/d344dae0-adf4-4697-b703-7690c13d8331/mirna-seq.parquet
d3e23815-7f9d-48aa-9aef-3a1dd9d464d7	TCGA-LUAD	/content/TCGA1/TCGA-LUAD/d3e23815-7f9d-48aa-9aef-3a1dd9d464d7/RNA-seq.parquet	/content/TCGA1/TCGA-LUAD/d3e23815-7f9d-48aa-9aef-3a1dd9d464d7/DNA-methylation.parquet	/content/TCGA1/TCGA-LUAD/d3e23815-7f9d-48aa-9aef-3a1dd9d464d7/mirna-seq.parquet
d3ff328c-2488-47bd-8663-366b6812c7b5	TCGA-LUAD	/content/TCGA1/TCGA-LUAD/d3ff328c-2488-47bd-8663-366b6812c7b5/RNA-seq.parquet	/content/TCGA1/TCGA-LUAD/d3ff328c-2488-47bd-8663-366b6812c7b5/DNA-methylation.parquet	/content/TCGA1/TCGA-LUAD/d3ff328c-2488-47bd-8663-366b6812c7b5/mirna-seq.parquet
d45aee46-838e-44af-8422-46710b3240a8	TCGA-LUAD	/content/TCGA1/TCGA-LUAD/d45aee46-838e-44af-8422-46710b3240a8/RNA-seq.parquet	/content/TCGA1/TCGA-LUAD/d45aee46-838e-44af-8422-46710b3240a8/DNA-methylation.parquet	/content/TCGA1/TCGA-LUAD/d45aee46-838e-44af-8422-46710b3240a8/mirna-seq.parquet
d5326429-9805-47f9-97b0-fbda658e3f01	TCGA-LUAD	/content/TCGA1/TCGA-LUAD/d5326429-9805-47f9-97b0-fbda658e3f01/RNA-seq.parquet	/content/TCGA1/TCGA-LUAD/d5326429-9805-47f9-97b0-fbda658e3f01/DNA-methylation.parquet	/content/TCGA1/TCGA-LUAD/d5326429-9805-47f9-97b0-fbda658e3f01/mirna-seq.parquet
d63c028b-b6d3-49ce-b63e-261eed3b86df	TCGA-LUAD	/content/TCGA1/TCGA-LUAD/d63c028b-b6d3-49ce-b63e-261eed3b86df/RNA-seq.parquet	/content/TCGA1/TCGA-LUAD/d63c028b-b6d3-49ce-b63e-261eed3b86df/DNA-methylation.parquet	/content/TCGA1/TCGA-LUAD/d63c028b-b6d3-49ce-b63e-261eed3b86df/mirna-seq.parquet
d6e274a0-6425-437b-bc07-1225be7808d5	TCGA-LUAD	/content/TCGA1/TCGA-LUAD/d6e274a0-6425-437b-bc07-1225be7808d5/RNA-seq.parquet	/content/TCGA1/TCGA-LUAD/d6e274a0-6425-437b-bc07-1225be7808d5/DNA-methylation.parquet	/content/TCGA1/TCGA-LUAD/d6e274a0-6425-437b-bc07-1225be7808d5/mirna-seq.parquet
d717fa33-3c91-4ced-89c6-79ff5542f04c	TCGA-LUAD	/content/TCGA1/TCGA-LUAD/d717fa33-3c91-4ced-89c6-79ff5542f04c/RNA-seq.parquet		/content/TCGA1/TCGA-LUAD/d717fa33-3c91-4ced-89c6-79ff5542f04c/mirna-seq.parquet
d721bfe0-90e3-415e-b9f3-1a270efa5fbb	TCGA-LUAD	/content/TCGA1/TCGA-LUAD/d721bfe0-90e3-415e-b9f3-1a270efa5fbb/RNA-seq.parquet	/content/TCGA1/TCGA-LUAD/d721bfe0-90e3-415e-b9f3-1a270efa5fbb/DNA-methylation.parquet	/content/TCGA1/TCGA-LUAD/d721bfe0-90e3-415e-b9f3-1a270efa5fbb/mirna-seq.parquet
d7ae8efb-aa4d-4807-9772-55b0a28ccd5c	TCGA-LUAD	/content/TCGA1/TCGA-LUAD/d7ae8efb-aa4d-4807-9772-55b0a28ccd5c/RNA-seq.parquet	/content/TCGA1/TCGA-LUAD/d7ae8efb-aa4d-4807-9772-55b0a28ccd5c/DNA-methylation.parquet	/content/TCGA1/TCGA-LUAD/d7ae8efb-aa4d-4807-9772-55b0a28ccd5c/mirna-seq.parquet
d8faa3a7-6b3f-4e69-8c88-184e41055bd7	TCGA-LUAD	/content/TCGA1/TCGA-LUAD/d8faa3a7-6b3f-4e69-8c88-184e41055bd7/RNA-seq.parquet	/content/TCGA1/TCGA-LUAD/d8faa3a7-6b3f-4e69-8c88-184e41055bd7/DNA-methylation.parquet	/content/TCGA1/TCGA-LUAD/d8faa3a7-6b3f-4e69-8c88-184e41055bd7/mirna-seq.parquet
d94fe32f-bedd-4f4c-9feb-fcb60d40f4bb	TCGA-LUAD	/content/TCGA1/TCGA-LUAD/d94fe32f-bedd-4f4c-9feb-fcb60d40f4bb/RNA-seq.parquet		/content/TCGA1/TCGA-LUAD/d94fe32f-bedd-4f4c-9feb-fcb60d40f4bb/mirna-seq.parquet
da345947-498b-4272-a231-a987ed4fe151	TCGA-LUAD	/content/TCGA1/TCGA-LUAD/da345947-498b-4272-a231-a987ed4fe151/RNA-seq.parquet	/content/TCGA1/TCGA-LUAD/da345947-498b-4272-a231-a987ed4fe151/DNA-methylation.parquet	/content/TCGA1/TCGA-LUAD/da345947-498b-4272-a231-a987ed4fe151/mirna-seq.parquet
daf0e08e-1738-43f8-874a-b37d79cbe3a7	TCGA-LUAD	/content/TCGA1/TCGA-LUAD/daf0e08e-1738-43f8-874a-b37d79cbe3a7/RNA-seq.parquet	/content/TCGA1/TCGA-LUAD/daf0e08e-1738-43f8-874a-b37d79cbe3a7/DNA-methylation.parquet	/content/TCGA1/TCGA-LUAD/daf0e08e-1738-43f8-874a-b37d79cbe3a7/mirna-seq.parquet
db0b9e63-4272-4f29-bf0e-1ec0fe79a9d7	TCGA-LUAD	/content/TCGA1/TCGA-LUAD/db0b9e63-4272-4f29-bf0e-1ec0fe79a9d7/RNA-seq.parquet	/content/TCGA1/TCGA-LUAD/db0b9e63-4272-4f29-bf0e-1ec0fe79a9d7/DNA-methylation.parquet	/content/TCGA1/TCGA-LUAD/db0b9e63-4272-4f29-bf0e-1ec0fe79a9d7/mirna-seq.parquet
db769d5c-a794-448d-9130-38a82d051c95	TCGA-LUAD	/content/TCGA1/TCGA-LUAD/db769d5c-a794-448d-9130-38a82d051c95/RNA-seq.parquet	/content/TCGA1/TCGA-LUAD/db769d5c-a794-448d-9130-38a82d051c95/DNA-methylation.parquet	/content/TCGA1/TCGA-LUAD/db769d5c-a794-448d-9130-38a82d051c95/mirna-seq.parquet
dbd5b0de-94c9-45dd-afb3-6820a7ecaca2	TCGA-LUAD	/content/TCGA1/TCGA-LUAD/dbd5b0de-94c9-45dd-afb3-6820a7ecaca2/RNA-seq.parquet	/content/TCGA1/TCGA-LUAD/dbd5b0de-94c9-45dd-afb3-6820a7ecaca2/DNA-methylation.parquet	/content/TCGA1/TCGA-LUAD/dbd5b0de-94c9-45dd-afb3-6820a7ecaca2/mirna-seq.parquet
dc9eaaa0-0bfd-46d0-994f-310826879da4	TCGA-LUAD	/content/TCGA1/TCGA-LUAD/dc9eaaa0-0bfd-46d0-994f-310826879da4/RNA-seq.parquet	/content/TCGA1/TCGA-LUAD/dc9eaaa0-0bfd-46d0-994f-310826879da4/DNA-methylation.parquet	/content/TCGA1/TCGA-LUAD/dc9eaaa0-0bfd-46d0-994f-310826879da4/mirna-seq.parquet
dcd066ba-5894-453e-b1da-82092858c3db	TCGA-LUAD	/content/TCGA1/TCGA-LUAD/dcd066ba-5894-453e-b1da-82092858c3db/RNA-seq.parquet	/content/TCGA1/TCGA-LUAD/dcd066ba-5894-453e-b1da-82092858c3db/DNA-methylation.parquet	/content/TCGA1/TCGA-LUAD/dcd066ba-5894-453e-b1da-82092858c3db/mirna-seq.parquet
dd46c83e-6551-485b-b935-f3beed891244	TCGA-LUAD	/content/TCGA1/TCGA-LUAD/dd46c83e-6551-485b-b935-f3beed891244/RNA-seq.parquet	/content/TCGA1/TCGA-LUAD/dd46c83e-6551-485b-b935-f3beed891244/DNA-methylation.parquet	/content/TCGA1/TCGA-LUAD/dd46c83e-6551-485b-b935-f3beed891244/mirna-seq.parquet
dd63d0fd-e24b-40a5-88c5-7d3d4106631e	TCGA-LUAD	/content/TCGA1/TCGA-LUAD/dd63d0fd-e24b-40a5-88c5-7d3d4106631e/RNA-seq.parquet	/content/TCGA1/TCGA-LUAD/dd63d0fd-e24b-40a5-88c5-7d3d4106631e/DNA-methylation.parquet	/content/TCGA1/TCGA-LUAD/dd63d0fd-e24b-40a5-88c5-7d3d4106631e/mirna-seq.parquet
ddeacccf-0953-4952-8a4e-c2617f2e7bcc	TCGA-LUAD	/content/TCGA1/TCGA-LUAD/ddeacccf-0953-4952-8a4e-c2617f2e7bcc/RNA-seq.parquet	/content/TCGA1/TCGA-LUAD/ddeacccf-0953-4952-8a4e-c2617f2e7bcc/DNA-methylation.parquet	/content/TCGA1/TCGA-LUAD/ddeacccf-0953-4952-8a4e-c2617f2e7bcc/mirna-seq.parquet
df576520-a6b6-4c9b-8d06-3f59cc5342fd	TCGA-LUAD	/content/TCGA1/TCGA-LUAD/df576520-a6b6-4c9b-8d06-3f59cc5342fd/RNA-seq.parquet	/content/TCGA1/TCGA-LUAD/df576520-a6b6-4c9b-8d06-3f59cc5342fd/DNA-methylation.parquet	/content/TCGA1/TCGA-LUAD/df576520-a6b6-4c9b-8d06-3f59cc5342fd/mirna-seq.parquet
e00a60d7-4253-443d-a187-680ad0931349	TCGA-LUAD	/content/TCGA1/TCGA-LUAD/e00a60d7-4253-443d-a187-680ad0931349/RNA-seq.parquet	/content/TCGA1/TCGA-LUAD/e00a60d7-4253-443d-a187-680ad0931349/DNA-methylation.parquet	/content/TCGA1/TCGA-LUAD/e00a60d7-4253-443d-a187-680ad0931349/mirna-seq.parquet
e01e4fb3-236a-4d16-9073-555876b688e9	TCGA-LUAD	/content/TCGA1/TCGA-LUAD/e01e4fb3-236a-4d16-9073-555876b688e9/RNA-seq.parquet	/content/TCGA1/TCGA-LUAD/e01e4fb3-236a-4d16-9073-555876b688e9/DNA-methylation.parquet	/content/TCGA1/TCGA-LUAD/e01e4fb3-236a-4d16-9073-555876b688e9/mirna-seq.parquet
e0a19099-5d25-40df-ad73-6260df3a1b32	TCGA-LUAD	/content/TCGA1/TCGA-LUAD/e0a19099-5d25-40df-ad73-6260df3a1b32/RNA-seq.parquet	/content/TCGA1/TCGA-LUAD/e0a19099-5d25-40df-ad73-6260df3a1b32/DNA-methylation.parquet	/content/TCGA1/TCGA-LUAD/e0a19099-5d25-40df-ad73-6260df3a1b32/mirna-seq.parquet
e0acafdd-06d0-48a6-bd68-577ef666a419	TCGA-LUAD	/content/TCGA1/TCGA-LUAD/e0acafdd-06d0-48a6-bd68-577ef666a419/RNA-seq.parquet	/content/TCGA1/TCGA-LUAD/e0acafdd-06d0-48a6-bd68-577ef666a419/DNA-methylation.parquet	/content/TCGA1/TCGA-LUAD/e0acafdd-06d0-48a6-bd68-577ef666a419/mirna-seq.parquet
e10568fe-0436-43f2-9f0f-48f9903868c4	TCGA-LUAD	/content/TCGA1/TCGA-LUAD/e10568fe-0436-43f2-9f0f-48f9903868c4/RNA-seq.parquet	/content/TCGA1/TCGA-LUAD/e10568fe-0436-43f2-9f0f-48f9903868c4/DNA-methylation.parquet	/content/TCGA1/TCGA-LUAD/e10568fe-0436-43f2-9f0f-48f9903868c4/mirna-seq.parquet
e16ca88f-488b-40f0-9169-e5a62482a2ff	TCGA-LUAD	/content/TCGA1/TCGA-LUAD/e16ca88f-488b-40f0-9169-e5a62482a2ff/RNA-seq.parquet	/content/TCGA1/TCGA-LUAD/e16ca88f-488b-40f0-9169-e5a62482a2ff/DNA-methylation.parquet	/content/TCGA1/TCGA-LUAD/e16ca88f-488b-40f0-9169-e5a62482a2ff/mirna-seq.parquet
e1c55bac-bb41-4964-add5-ecd6ba04b58d	TCGA-LUAD	/content/TCGA1/TCGA-LUAD/e1c55bac-bb41-4964-add5-ecd6ba04b58d/RNA-seq.parquet	/content/TCGA1/TCGA-LUAD/e1c55bac-bb41-4964-add5-ecd6ba04b58d/DNA-methylation.parquet	/content/TCGA1/TCGA-LUAD/e1c55bac-bb41-4964-add5-ecd6ba04b58d/mirna-seq.parquet
e21e2af3-dc71-41fa-94ba-7a7929f47d90	TCGA-LUAD	/content/TCGA1/TCGA-LUAD/e21e2af3-dc71-41fa-94ba-7a7929f47d90/RNA-seq.parquet	/content/TCGA1/TCGA-LUAD/e21e2af3-dc71-41fa-94ba-7a7929f47d90/DNA-methylation.parquet	/content/TCGA1/TCGA-LUAD/e21e2af3-dc71-41fa-94ba-7a7929f47d90/mirna-seq.parquet
e254aaeb-012c-4d92-8a03-cce1f6a2bcd6	TCGA-LUAD	/content/TCGA1/TCGA-LUAD/e254aaeb-012c-4d92-8a03-cce1f6a2bcd6/RNA-seq.parquet	/content/TCGA1/TCGA-LUAD/e254aaeb-012c-4d92-8a03-cce1f6a2bcd6/DNA-methylation.parquet	/content/TCGA1/TCGA-LUAD/e254aaeb-012c-4d92-8a03-cce1f6a2bcd6/mirna-seq.parquet
e2b0d873-4942-4483-9a88-d5c6338d0382	TCGA-LUAD	/content/TCGA1/TCGA-LUAD/e2b0d873-4942-4483-9a88-d5c6338d0382/RNA-seq.parquet	/content/TCGA1/TCGA-LUAD/e2b0d873-4942-4483-9a88-d5c6338d0382/DNA-methylation.parquet	/content/TCGA1/TCGA-LUAD/e2b0d873-4942-4483-9a88-d5c6338d0382/mirna-seq.parquet
e379cf55-68ef-4fbc-af3e-0a5040c27f0f	TCGA-LUAD		/content/TCGA1/TCGA-LUAD/e379cf55-68ef-4fbc-af3e-0a5040c27f0f/DNA-methylation.parquet	/content/TCGA1/TCGA-LUAD/e379cf55-68ef-4fbc-af3e-0a5040c27f0f/mirna-seq.parquet
e43a2b72-35c6-4466-9007-ce96caf77ea8	TCGA-LUAD	/content/TCGA1/TCGA-LUAD/e43a2b72-35c6-4466-9007-ce96caf77ea8/RNA-seq.parquet	/content/TCGA1/TCGA-LUAD/e43a2b72-35c6-4466-9007-ce96caf77ea8/DNA-methylation.parquet	/content/TCGA1/TCGA-LUAD/e43a2b72-35c6-4466-9007-ce96caf77ea8/mirna-seq.parquet
e499069b-a16a-49e9-941a-e3e9ea62af25	TCGA-LUAD	/content/TCGA1/TCGA-LUAD/e499069b-a16a-49e9-941a-e3e9ea62af25/RNA-seq.parquet	/content/TCGA1/TCGA-LUAD/e499069b-a16a-49e9-941a-e3e9ea62af25/DNA-methylation.parquet	/content/TCGA1/TCGA-LUAD/e499069b-a16a-49e9-941a-e3e9ea62af25/mirna-seq.parquet
e51f717f-72e8-400e-9f35-fc5dc32fdf71	TCGA-LUAD	/content/TCGA1/TCGA-LUAD/e51f717f-72e8-400e-9f35-fc5dc32fdf71/RNA-seq.parquet	/content/TCGA1/TCGA-LUAD/e51f717f-72e8-400e-9f35-fc5dc32fdf71/DNA-methylation.parquet	/content/TCGA1/TCGA-LUAD/e51f717f-72e8-400e-9f35-fc5dc32fdf71/mirna-seq.parquet
e5cb0c86-8fe2-4cfc-b32b-e8ec3839ffc4	TCGA-LUAD	/content/TCGA1/TCGA-LUAD/e5cb0c86-8fe2-4cfc-b32b-e8ec3839ffc4/RNA-seq.parquet	/content/TCGA1/TCGA-LUAD/e5cb0c86-8fe2-4cfc-b32b-e8ec3839ffc4/DNA-methylation.parquet	/content/TCGA1/TCGA-LUAD/e5cb0c86-8fe2-4cfc-b32b-e8ec3839ffc4/mirna-seq.parquet
e5f956dd-f49f-435c-83c3-5b1b0a2050ed	TCGA-LUAD	/content/TCGA1/TCGA-LUAD/e5f956dd-f49f-435c-83c3-5b1b0a2050ed/RNA-seq.parquet	/content/TCGA1/TCGA-LUAD/e5f956dd-f49f-435c-83c3-5b1b0a2050ed/DNA-methylation.parquet	/content/TCGA1/TCGA-LUAD/e5f956dd-f49f-435c-83c3-5b1b0a2050ed/mirna-seq.parquet
e60a8f8a-0fe6-40e5-9f30-bcff48ac73f4	TCGA-LUAD	/content/TCGA1/TCGA-LUAD/e60a8f8a-0fe6-40e5-9f30-bcff48ac73f4/RNA-seq.parquet	/content/TCGA1/TCGA-LUAD/e60a8f8a-0fe6-40e5-9f30-bcff48ac73f4/DNA-methylation.parquet	/content/TCGA1/TCGA-LUAD/e60a8f8a-0fe6-40e5-9f30-bcff48ac73f4/mirna-seq.parquet
e64f76e4-f748-4d9e-ba71-53e2818a7920	TCGA-LUAD	/content/TCGA1/TCGA-LUAD/e64f76e4-f748-4d9e-ba71-53e2818a7920/RNA-seq.parquet	/content/TCGA1/TCGA-LUAD/e64f76e4-f748-4d9e-ba71-53e2818a7920/DNA-methylation.parquet	/content/TCGA1/TCGA-LUAD/e64f76e4-f748-4d9e-ba71-53e2818a7920/mirna-seq.parquet
e68219b0-a9c2-49df-8f0d-db5ea97fd2dc	TCGA-LUAD	/content/TCGA1/TCGA-LUAD/e68219b0-a9c2-49df-8f0d-db5ea97fd2dc/RNA-seq.parquet	/content/TCGA1/TCGA-LUAD/e68219b0-a9c2-49df-8f0d-db5ea97fd2dc/DNA-methylation.parquet	/content/TCGA1/TCGA-LUAD/e68219b0-a9c2-49df-8f0d-db5ea97fd2dc/mirna-seq.parquet
e6e75590-9520-4b1c-8a28-4a1d2b2218fc	TCGA-LUAD	/content/TCGA1/TCGA-LUAD/e6e75590-9520-4b1c-8a28-4a1d2b2218fc/RNA-seq.parquet	/content/TCGA1/TCGA-LUAD/e6e75590-9520-4b1c-8a28-4a1d2b2218fc/DNA-methylation.parquet	/content/TCGA1/TCGA-LUAD/e6e75590-9520-4b1c-8a28-4a1d2b2218fc/mirna-seq.parquet
e737f650-b72d-44e7-b750-558a56716803	TCGA-LUAD	/content/TCGA1/TCGA-LUAD/e737f650-b72d-44e7-b750-558a56716803/RNA-seq.parquet		/content/TCGA1/TCGA-LUAD/e737f650-b72d-44e7-b750-558a56716803/mirna-seq.parquet
e739b4f7-ae46-45c6-9013-9571cbadaf99	TCGA-LUAD	/content/TCGA1/TCGA-LUAD/e739b4f7-ae46-45c6-9013-9571cbadaf99/RNA-seq.parquet	/content/TCGA1/TCGA-LUAD/e739b4f7-ae46-45c6-9013-9571cbadaf99/DNA-methylation.parquet	/content/TCGA1/TCGA-LUAD/e739b4f7-ae46-45c6-9013-9571cbadaf99/mirna-seq.parquet
e7d30bc2-42e8-49c5-a5b3-9f58411b007a	TCGA-LUAD	/content/TCGA1/TCGA-LUAD/e7d30bc2-42e8-49c5-a5b3-9f58411b007a/RNA-seq.parquet	/content/TCGA1/TCGA-LUAD/e7d30bc2-42e8-49c5-a5b3-9f58411b007a/DNA-methylation.parquet	/content/TCGA1/TCGA-LUAD/e7d30bc2-42e8-49c5-a5b3-9f58411b007a/mirna-seq.parquet
e8060c45-451d-4779-9584-f284db47e63e	TCGA-LUAD	/content/TCGA1/TCGA-LUAD/e8060c45-451d-4779-9584-f284db47e63e/RNA-seq.parquet	/content/TCGA1/TCGA-LUAD/e8060c45-451d-4779-9584-f284db47e63e/DNA-methylation.parquet	/content/TCGA1/TCGA-LUAD/e8060c45-451d-4779-9584-f284db47e63e/mirna-seq.parquet
e8b7a103-644f-4865-92f8-80b053bd5e17	TCGA-LUAD	/content/TCGA1/TCGA-LUAD/e8b7a103-644f-4865-92f8-80b053bd5e17/RNA-seq.parquet		/content/TCGA1/TCGA-LUAD/e8b7a103-644f-4865-92f8-80b053bd5e17/mirna-seq.parquet
ea0b9461-0d4d-4ade-a255-1b03dd85e30e	TCGA-LUAD	/content/TCGA1/TCGA-LUAD/ea0b9461-0d4d-4ade-a255-1b03dd85e30e/RNA-seq.parquet	/content/TCGA1/TCGA-LUAD/ea0b9461-0d4d-4ade-a255-1b03dd85e30e/DNA-methylation.parquet	/content/TCGA1/TCGA-LUAD/ea0b9461-0d4d-4ade-a255-1b03dd85e30e/mirna-seq.parquet
ebb33753-9d38-4368-9033-3e55f129d00d	TCGA-LUAD	/content/TCGA1/TCGA-LUAD/ebb33753-9d38-4368-9033-3e55f129d00d/RNA-seq.parquet	/content/TCGA1/TCGA-LUAD/ebb33753-9d38-4368-9033-3e55f129d00d/DNA-methylation.parquet	/content/TCGA1/TCGA-LUAD/ebb33753-9d38-4368-9033-3e55f129d00d/mirna-seq.parquet
ebcba7f2-ce13-4bae-97cd-91a6b1dcd465	TCGA-LUAD	/content/TCGA1/TCGA-LUAD/ebcba7f2-ce13-4bae-97cd-91a6b1dcd465/RNA-seq.parquet	/content/TCGA1/TCGA-LUAD/ebcba7f2-ce13-4bae-97cd-91a6b1dcd465/DNA-methylation.parquet	/content/TCGA1/TCGA-LUAD/ebcba7f2-ce13-4bae-97cd-91a6b1dcd465/mirna-seq.parquet
edf80622-aea2-4b50-bb69-691d6708aa83	TCGA-LUAD	/content/TCGA1/TCGA-LUAD/edf80622-aea2-4b50-bb69-691d6708aa83/RNA-seq.parquet	/content/TCGA1/TCGA-LUAD/edf80622-aea2-4b50-bb69-691d6708aa83/DNA-methylation.parquet	/content/TCGA1/TCGA-LUAD/edf80622-aea2-4b50-bb69-691d6708aa83/mirna-seq.parquet
eeab558b-8d1e-4843-861d-dbfb06061758	TCGA-LUAD	/content/TCGA1/TCGA-LUAD/eeab558b-8d1e-4843-861d-dbfb06061758/RNA-seq.parquet		/content/TCGA1/TCGA-LUAD/eeab558b-8d1e-4843-861d-dbfb06061758/mirna-seq.parquet
ef03654a-dcf1-41ff-a67e-4f3fbf9ba807	TCGA-LUAD	/content/TCGA1/TCGA-LUAD/ef03654a-dcf1-41ff-a67e-4f3fbf9ba807/RNA-seq.parquet	/content/TCGA1/TCGA-LUAD/ef03654a-dcf1-41ff-a67e-4f3fbf9ba807/DNA-methylation.parquet	/content/TCGA1/TCGA-LUAD/ef03654a-dcf1-41ff-a67e-4f3fbf9ba807/mirna-seq.parquet
ef42ae4c-a108-468e-beed-437cf3cf2962	TCGA-LUAD	/content/TCGA1/TCGA-LUAD/ef42ae4c-a108-468e-beed-437cf3cf2962/RNA-seq.parquet	/content/TCGA1/TCGA-LUAD/ef42ae4c-a108-468e-beed-437cf3cf2962/DNA-methylation.parquet	/content/TCGA1/TCGA-LUAD/ef42ae4c-a108-468e-beed-437cf3cf2962/mirna-seq.parquet
f063ddbb-1668-40df-9ec2-b0a23ca2c389	TCGA-LUAD	/content/TCGA1/TCGA-LUAD/f063ddbb-1668-40df-9ec2-b0a23ca2c389/RNA-seq.parquet	/content/TCGA1/TCGA-LUAD/f063ddbb-1668-40df-9ec2-b0a23ca2c389/DNA-methylation.parquet	/content/TCGA1/TCGA-LUAD/f063ddbb-1668-40df-9ec2-b0a23ca2c389/mirna-seq.parquet
f0c94f68-bfd9-45cb-b4fd-8bb1ae4e9a2b	TCGA-LUAD	/content/TCGA1/TCGA-LUAD/f0c94f68-bfd9-45cb-b4fd-8bb1ae4e9a2b/RNA-seq.parquet	/content/TCGA1/TCGA-LUAD/f0c94f68-bfd9-45cb-b4fd-8bb1ae4e9a2b/DNA-methylation.parquet	/content/TCGA1/TCGA-LUAD/f0c94f68-bfd9-45cb-b4fd-8bb1ae4e9a2b/mirna-seq.parquet
f17d3463-af6c-42c2-a8e9-fae45f69286f	TCGA-LUAD	/content/TCGA1/TCGA-LUAD/f17d3463-af6c-42c2-a8e9-fae45f69286f/RNA-seq.parquet	/content/TCGA1/TCGA-LUAD/f17d3463-af6c-42c2-a8e9-fae45f69286f/DNA-methylation.parquet	/content/TCGA1/TCGA-LUAD/f17d3463-af6c-42c2-a8e9-fae45f69286f/mirna-seq.parquet
f1985735-a188-4567-a88a-530f9b80291b	TCGA-LUAD	/content/TCGA1/TCGA-LUAD/f1985735-a188-4567-a88a-530f9b80291b/RNA-seq.parquet		/content/TCGA1/TCGA-LUAD/f1985735-a188-4567-a88a-530f9b80291b/mirna-seq.parquet
f1f80dd2-891d-46dd-a3e0-f007628cb515	TCGA-LUAD	/content/TCGA1/TCGA-LUAD/f1f80dd2-891d-46dd-a3e0-f007628cb515/RNA-seq.parquet	/content/TCGA1/TCGA-LUAD/f1f80dd2-891d-46dd-a3e0-f007628cb515/DNA-methylation.parquet	/content/TCGA1/TCGA-LUAD/f1f80dd2-891d-46dd-a3e0-f007628cb515/mirna-seq.parquet
f2d8b332-2f03-46e5-a9d5-f163972e5fa7	TCGA-LUAD	/content/TCGA1/TCGA-LUAD/f2d8b332-2f03-46e5-a9d5-f163972e5fa7/RNA-seq.parquet	/content/TCGA1/TCGA-LUAD/f2d8b332-2f03-46e5-a9d5-f163972e5fa7/DNA-methylation.parquet	/content/TCGA1/TCGA-LUAD/f2d8b332-2f03-46e5-a9d5-f163972e5fa7/mirna-seq.parquet
f327dea0-2d30-482f-809c-76a148a749b7	TCGA-LUAD	/content/TCGA1/TCGA-LUAD/f327dea0-2d30-482f-809c-76a148a749b7/RNA-seq.parquet	/content/TCGA1/TCGA-LUAD/f327dea0-2d30-482f-809c-76a148a749b7/DNA-methylation.parquet	/content/TCGA1/TCGA-LUAD/f327dea0-2d30-482f-809c-76a148a749b7/mirna-seq.parquet
f3501466-cf32-4866-b5fb-e94dd32341bc	TCGA-LUAD	/content/TCGA1/TCGA-LUAD/f3501466-cf32-4866-b5fb-e94dd32341bc/RNA-seq.parquet		/content/TCGA1/TCGA-LUAD/f3501466-cf32-4866-b5fb-e94dd32341bc/mirna-seq.parquet
f3f024c2-52f1-400e-946c-398f5b72e6dc	TCGA-LUAD	/content/TCGA1/TCGA-LUAD/f3f024c2-52f1-400e-946c-398f5b72e6dc/RNA-seq.parquet	/content/TCGA1/TCGA-LUAD/f3f024c2-52f1-400e-946c-398f5b72e6dc/DNA-methylation.parquet	/content/TCGA1/TCGA-LUAD/f3f024c2-52f1-400e-946c-398f5b72e6dc/mirna-seq.parquet
f40301ba-831e-4afd-9ce8-5f3c1a05ff7e	TCGA-LUAD	/content/TCGA1/TCGA-LUAD/f40301ba-831e-4afd-9ce8-5f3c1a05ff7e/RNA-seq.parquet		/content/TCGA1/TCGA-LUAD/f40301ba-831e-4afd-9ce8-5f3c1a05ff7e/mirna-seq.parquet
f4350d9c-3f40-4829-bbc4-8acb2f3ff512	TCGA-LUAD	/content/TCGA1/TCGA-LUAD/f4350d9c-3f40-4829-bbc4-8acb2f3ff512/RNA-seq.parquet	/content/TCGA1/TCGA-LUAD/f4350d9c-3f40-4829-bbc4-8acb2f3ff512/DNA-methylation.parquet	/content/TCGA1/TCGA-LUAD/f4350d9c-3f40-4829-bbc4-8acb2f3ff512/mirna-seq.parquet
f462cfef-f60a-4d3e-b92d-b8d8f50b6bb3	TCGA-LUAD	/content/TCGA1/TCGA-LUAD/f462cfef-f60a-4d3e-b92d-b8d8f50b6bb3/RNA-seq.parquet	/content/TCGA1/TCGA-LUAD/f462cfef-f60a-4d3e-b92d-b8d8f50b6bb3/DNA-methylation.parquet	/content/TCGA1/TCGA-LUAD/f462cfef-f60a-4d3e-b92d-b8d8f50b6bb3/mirna-seq.parquet
f587c9ab-2949-4410-80d6-a050865d48aa	TCGA-LUAD	/content/TCGA1/TCGA-LUAD/f587c9ab-2949-4410-80d6-a050865d48aa/RNA-seq.parquet	/content/TCGA1/TCGA-LUAD/f587c9ab-2949-4410-80d6-a050865d48aa/DNA-methylation.parquet	/content/TCGA1/TCGA-LUAD/f587c9ab-2949-4410-80d6-a050865d48aa/mirna-seq.parquet
f59e5a76-f803-470b-910c-a897a149d939	TCGA-LUAD	/content/TCGA1/TCGA-LUAD/f59e5a76-f803-470b-910c-a897a149d939/RNA-seq.parquet	/content/TCGA1/TCGA-LUAD/f59e5a76-f803-470b-910c-a897a149d939/DNA-methylation.parquet	/content/TCGA1/TCGA-LUAD/f59e5a76-f803-470b-910c-a897a149d939/mirna-seq.parquet
f61d599a-43bd-4743-9568-678317e75955	TCGA-LUAD		/content/TCGA1/TCGA-LUAD/f61d599a-43bd-4743-9568-678317e75955/DNA-methylation.parquet	/content/TCGA1/TCGA-LUAD/f61d599a-43bd-4743-9568-678317e75955/mirna-seq.parquet
f77b6930-a1ce-446e-a15d-c018cbbecfee	TCGA-LUAD	/content/TCGA1/TCGA-LUAD/f77b6930-a1ce-446e-a15d-c018cbbecfee/RNA-seq.parquet		/content/TCGA1/TCGA-LUAD/f77b6930-a1ce-446e-a15d-c018cbbecfee/mirna-seq.parquet
f77cf4d3-9829-4fd3-95a1-b29aed9e94b8	TCGA-LUAD	/content/TCGA1/TCGA-LUAD/f77cf4d3-9829-4fd3-95a1-b29aed9e94b8/RNA-seq.parquet		/content/TCGA1/TCGA-LUAD/f77cf4d3-9829-4fd3-95a1-b29aed9e94b8/mirna-seq.parquet
f7f9f522-de88-4f9c-8ba4-7be3726faaf8	TCGA-LUAD	/content/TCGA1/TCGA-LUAD/f7f9f522-de88-4f9c-8ba4-7be3726faaf8/RNA-seq.parquet	/content/TCGA1/TCGA-LUAD/f7f9f522-de88-4f9c-8ba4-7be3726faaf8/DNA-methylation.parquet	/content/TCGA1/TCGA-LUAD/f7f9f522-de88-4f9c-8ba4-7be3726faaf8/mirna-seq.parquet
f809e21d-5f2e-4f3b-a1aa-d6b8d463552a	TCGA-LUAD	/content/TCGA1/TCGA-LUAD/f809e21d-5f2e-4f3b-a1aa-d6b8d463552a/RNA-seq.parquet	/content/TCGA1/TCGA-LUAD/f809e21d-5f2e-4f3b-a1aa-d6b8d463552a/DNA-methylation.parquet	/content/TCGA1/TCGA-LUAD/f809e21d-5f2e-4f3b-a1aa-d6b8d463552a/mirna-seq.parquet
f809e7d9-a75e-41c9-ac2c-5bec6ffcb4a2	TCGA-LUAD	/content/TCGA1/TCGA-LUAD/f809e7d9-a75e-41c9-ac2c-5bec6ffcb4a2/RNA-seq.parquet	/content/TCGA1/TCGA-LUAD/f809e7d9-a75e-41c9-ac2c-5bec6ffcb4a2/DNA-methylation.parquet	/content/TCGA1/TCGA-LUAD/f809e7d9-a75e-41c9-ac2c-5bec6ffcb4a2/mirna-seq.parquet
f934ed41-090e-4313-bbc5-d1a4a9ed9ad7	TCGA-LUAD	/content/TCGA1/TCGA-LUAD/f934ed41-090e-4313-bbc5-d1a4a9ed9ad7/RNA-seq.parquet	/content/TCGA1/TCGA-LUAD/f934ed41-090e-4313-bbc5-d1a4a9ed9ad7/DNA-methylation.parquet	/content/TCGA1/TCGA-LUAD/f934ed41-090e-4313-bbc5-d1a4a9ed9ad7/mirna-seq.parquet
f98ecd8a-b878-4f53-b911-20cd8e17281c	TCGA-LUAD	/content/TCGA1/TCGA-LUAD/f98ecd8a-b878-4f53-b911-20cd8e17281c/RNA-seq.parquet		/content/TCGA1/TCGA-LUAD/f98ecd8a-b878-4f53-b911-20cd8e17281c/mirna-seq.parquet
fa0c7392-d485-41ac-bf7e-244a528209ae	TCGA-LUAD	/content/TCGA1/TCGA-LUAD/fa0c7392-d485-41ac-bf7e-244a528209ae/RNA-seq.parquet	/content/TCGA1/TCGA-LUAD/fa0c7392-d485-41ac-bf7e-244a528209ae/DNA-methylation.parquet	/content/TCGA1/TCGA-LUAD/fa0c7392-d485-41ac-bf7e-244a528209ae/mirna-seq.parquet
fb6b289c-aaf9-4d8e-b6e0-5d35bce1b6e1	TCGA-LUAD	/content/TCGA1/TCGA-LUAD/fb6b289c-aaf9-4d8e-b6e0-5d35bce1b6e1/RNA-seq.parquet		/content/TCGA1/TCGA-LUAD/fb6b289c-aaf9-4d8e-b6e0-5d35bce1b6e1/mirna-seq.parquet
fb79c491-7b01-42ae-8369-8364e442e31b	TCGA-LUAD	/content/TCGA1/TCGA-LUAD/fb79c491-7b01-42ae-8369-8364e442e31b/RNA-seq.parquet	/content/TCGA1/TCGA-LUAD/fb79c491-7b01-42ae-8369-8364e442e31b/DNA-methylation.parquet	/content/TCGA1/TCGA-LUAD/fb79c491-7b01-42ae-8369-8364e442e31b/mirna-seq.parquet
fc79086c-af9a-4c27-b074-f7050b6f3381	TCGA-LUAD	/content/TCGA1/TCGA-LUAD/fc79086c-af9a-4c27-b074-f7050b6f3381/RNA-seq.parquet	/content/TCGA1/TCGA-LUAD/fc79086c-af9a-4c27-b074-f7050b6f3381/DNA-methylation.parquet	/content/TCGA1/TCGA-LUAD/fc79086c-af9a-4c27-b074-f7050b6f3381/mirna-seq.parquet
fcfe0b53-dfc1-42fa-9efc-2b2ff259297e	TCGA-LUAD	/content/TCGA1/TCGA-LUAD/fcfe0b53-dfc1-42fa-9efc-2b2ff259297e/RNA-seq.parquet	/content/TCGA1/TCGA-LUAD/fcfe0b53-dfc1-42fa-9efc-2b2ff259297e/DNA-methylation.parquet	/content/TCGA1/TCGA-LUAD/fcfe0b53-dfc1-42fa-9efc-2b2ff259297e/mirna-seq.parquet
fd3fc273-c035-40ea-a459-ff4806f5d592	TCGA-LUAD	/content/TCGA1/TCGA-LUAD/fd3fc273-c035-40ea-a459-ff4806f5d592/RNA-seq.parquet	/content/TCGA1/TCGA-LUAD/fd3fc273-c035-40ea-a459-ff4806f5d592/DNA-methylation.parquet	/content/TCGA1/TCGA-LUAD/fd3fc273-c035-40ea-a459-ff4806f5d592/mirna-seq.parquet
fd5c44ef-ea50-4fba-9e8d-e371cf34ebdb	TCGA-LUAD	/content/TCGA1/TCGA-LUAD/fd5c44ef-ea50-4fba-9e8d-e371cf34ebdb/RNA-seq.parquet	/content/TCGA1/TCGA-LUAD/fd5c44ef-ea50-4fba-9e8d-e371cf34ebdb/DNA-methylation.parquet	/content/TCGA1/TCGA-LUAD/fd5c44ef-ea50-4fba-9e8d-e371cf34ebdb/mirna-seq.parquet
fe3eeeb6-0db4-46d7-a020-55604d474c12	TCGA-LUAD	/content/TCGA1/TCGA-LUAD/fe3eeeb6-0db4-46d7-a020-55604d474c12/RNA-seq.parquet	/content/TCGA1/TCGA-LUAD/fe3eeeb6-0db4-46d7-a020-55604d474c12/DNA-methylation.parquet	/content/TCGA1/TCGA-LUAD/fe3eeeb6-0db4-46d7-a020-55604d474c12/mirna-seq.parquet
fe714ac0-f874-426a-924b-a2980232b5f7	TCGA-LUAD	/content/TCGA1/TCGA-LUAD/fe714ac0-f874-426a-924b-a2980232b5f7/RNA-seq.parquet	/content/TCGA1/TCGA-LUAD/fe714ac0-f874-426a-924b-a2980232b5f7/DNA-methylation.parquet	/content/TCGA1/TCGA-LUAD/fe714ac0-f874-426a-924b-a2980232b5f7/mirna-seq.parquet
ff07ea4b-4e50-410d-99d6-96a351dad7b1	TCGA-LUAD	/content/TCGA1/TCGA-LUAD/ff07ea4b-4e50-410d-99d6-96a351dad7b1/RNA-seq.parquet	/content/TCGA1/TCGA-LUAD/ff07ea4b-4e50-410d-99d6-96a351dad7b1/DNA-methylation.parquet	/content/TCGA1/TCGA-LUAD/ff07ea4b-4e50-410d-99d6-96a351dad7b1/mirna-seq.parquet
ff9def3d-17e5-4ef6-b74e-933f11ed6f00	TCGA-LUAD	/content/TCGA1/TCGA-LUAD/ff9def3d-17e5-4ef6-b74e-933f11ed6f00/RNA-seq.parquet	/content/TCGA1/TCGA-LUAD/ff9def3d-17e5-4ef6-b74e-933f11ed6f00/DNA-methylation.parquet	/content/TCGA1/TCGA-LUAD/ff9def3d-17e5-4ef6-b74e-933f11ed6f00/mirna-seq.parquet
ffb0c0b7-165e-4439-b3e6-62431f40b7fe	TCGA-LUAD	/content/TCGA1/TCGA-LUAD/ffb0c0b7-165e-4439-b3e6-62431f40b7fe/RNA-seq.parquet		/content/TCGA1/TCGA-LUAD/ffb0c0b7-165e-4439-b3e6-62431f40b7fe/mirna-seq.parquet
